t # 0
v 0 9
v 1 59
v 2 58
v 3 57
v 4 56
v 5 55
v 6 54
v 7 53
v 8 52
v 9 51
v 10 50
v 11 49
v 12 48
v 13 47
v 14 46
v 15 45
v 16 44
v 17 43
v 18 42
v 19 41
v 20 40
v 21 39
v 22 38
v 23 37
v 24 36
v 25 35
v 26 34
v 27 33
v 28 32
v 29 31
v 30 30
v 31 29
v 32 28
v 33 27
v 34 26
v 35 25
v 36 24
v 37 23
v 38 22
v 39 21
v 40 20
v 41 19
v 42 18
v 43 17
v 44 16
v 45 15
v 46 14
v 47 13
v 48 12
v 49 11
v 50 10
v 51 9
v 52 8
v 53 7
v 54 6
v 55 5
v 56 4
v 57 8
v 58 7
v 59 6
v 60 5
v 61 3
v 62 2
e 56 1 1
e 56 2 1
e 56 3 1
e 56 4 1
e 56 5 1
e 56 6 1
e 56 7 1
e 56 8 1
e 56 9 1
e 56 10 1
e 56 11 1
e 56 12 1
e 56 13 1
e 56 14 1
e 56 15 1
e 56 16 1
e 56 17 1
e 56 18 1
e 56 19 1
e 56 20 1
e 56 21 1
e 56 22 1
e 56 23 1
e 56 24 1
e 56 25 1
e 56 26 1
e 56 27 1
e 56 28 1
e 56 29 1
e 56 30 1
e 56 31 1
e 56 32 1
e 56 33 1
e 56 34 1
e 56 35 1
e 56 36 1
e 56 37 1
e 56 38 1
e 56 39 1
e 56 40 1
e 56 41 1
e 56 42 1
e 56 43 1
e 56 44 1
e 56 45 1
e 56 46 1
e 56 47 1
e 56 48 1
e 56 49 1
e 56 50 1
e 56 51 1
e 56 57 1
e 56 58 1
e 56 59 1
e 56 60 1
e 1 61 2
e 2 61 2
e 2 62 2
e 3 61 2
e 3 62 2
e 4 62 2
e 5 61 2
e 5 62 2
e 6 61 2
e 6 62 2
e 7 62 2
e 8 62 2
e 9 61 2
e 9 62 2
e 10 62 2
e 11 62 2
e 12 61 2
e 12 62 2
e 13 61 2
e 14 61 2
e 15 62 2
e 16 62 2
e 17 62 2
e 18 61 2
e 19 62 2
e 20 62 2
e 21 61 2
e 22 61 2
e 23 61 2
e 23 62 2
e 24 62 2
e 25 62 2
e 26 62 2
e 27 62 2
e 28 62 2
e 29 61 2
e 30 62 2
e 31 62 2
e 32 61 2
e 32 62 2
e 33 61 2
e 34 61 2
e 35 61 2
e 36 61 2
e 36 62 2
e 37 61 2
e 38 62 2
e 39 61 2
e 39 62 2
e 40 62 2
e 41 62 2
e 42 62 2
e 43 61 2
e 43 62 2
e 44 61 2
e 44 62 2
e 45 61 2
e 45 62 2
e 46 61 2
e 46 62 2
e 47 61 2
e 48 62 2
e 49 61 2
e 50 62 2
e 51 61 2
e 57 61 2
e 58 61 2
e 59 61 2
e 59 62 2
e 60 62 2
e 60 59 3
e 59 58 3
e 58 57 3
e 57 51 3
e 51 50 3
e 50 49 3
e 49 48 3
e 20 47 3
e 48 47 3
e 47 46 3
e 46 45 3
e 8 44 3
e 45 44 3
e 44 43 3
e 43 42 3
e 42 41 3
e 41 40 3
e 40 39 3
e 39 38 3
e 38 37 3
e 34 36 3
e 37 36 3
e 36 35 3
e 35 34 3
e 36 33 3
e 33 32 3
e 32 31 3
e 31 30 3
e 30 29 3
e 29 28 3
e 28 27 3
e 27 26 3
e 26 25 3
e 25 24 3
e 24 23 3
e 23 22 3
e 22 21 3
e 21 20 3
e 46 19 3
e 19 18 3
e 18 17 3
e 17 16 3
e 16 15 3
e 15 14 3
e 14 13 3
e 13 12 3
e 12 11 3
e 11 10 3
e 10 9 3
e 9 8 3
e 43 7 3
e 7 6 3
e 6 5 3
e 5 4 3
e 4 3 3
e 3 2 3
e 2 1 3
t # 1
v 0 9
v 1 351
v 2 350
v 3 349
v 4 348
v 5 347
v 6 346
v 7 345
v 8 344
v 9 343
v 10 342
v 11 341
v 12 340
v 13 339
v 14 338
v 15 337
v 16 336
v 17 335
v 18 334
v 19 333
v 20 332
v 21 331
v 22 330
v 23 329
v 24 328
v 25 327
v 26 326
v 27 325
v 28 324
v 29 323
v 30 322
v 31 321
v 32 320
v 33 319
v 34 318
v 35 317
v 36 316
v 37 315
v 38 314
v 39 313
v 40 312
v 41 311
v 42 310
v 43 309
v 44 308
v 45 307
v 46 306
v 47 305
v 48 304
v 49 303
v 50 302
v 51 301
v 52 300
v 53 299
v 54 298
v 55 297
v 56 296
v 57 295
v 58 294
v 59 293
v 60 292
v 61 291
v 62 290
v 63 289
v 64 288
v 65 287
v 66 286
v 67 285
v 68 284
v 69 283
v 70 282
v 71 281
v 72 280
v 73 279
v 74 278
v 75 277
v 76 276
v 77 275
v 78 274
v 79 273
v 80 272
v 81 271
v 82 270
v 83 269
v 84 268
v 85 267
v 86 266
v 87 265
v 88 264
v 89 263
v 90 262
v 91 261
v 92 260
v 93 259
v 94 258
v 95 257
v 96 256
v 97 255
v 98 254
v 99 253
v 100 252
v 101 251
v 102 250
v 103 249
v 104 248
v 105 247
v 106 246
v 107 245
v 108 244
v 109 243
v 110 242
v 111 241
v 112 240
v 113 239
v 114 238
v 115 237
v 116 236
v 117 235
v 118 234
v 119 233
v 120 232
v 121 231
v 122 230
v 123 229
v 124 228
v 125 227
v 126 226
v 127 225
v 128 224
v 129 223
v 130 222
v 131 221
v 132 220
v 133 219
v 134 218
v 135 217
v 136 216
v 137 215
v 138 214
v 139 213
v 140 212
v 141 211
v 142 210
v 143 209
v 144 208
v 145 207
v 146 206
v 147 205
v 148 204
v 149 203
v 150 202
v 151 201
v 152 200
v 153 199
v 154 198
v 155 197
v 156 196
v 157 195
v 158 194
v 159 193
v 160 192
v 161 191
v 162 190
v 163 189
v 164 188
v 165 187
v 166 186
v 167 185
v 168 184
v 169 183
v 170 182
v 171 181
v 172 180
v 173 179
v 174 178
v 175 177
v 176 176
v 177 175
v 178 174
v 179 173
v 180 172
v 181 171
v 182 170
v 183 169
v 184 168
v 185 167
v 186 166
v 187 165
v 188 164
v 189 163
v 190 162
v 191 161
v 192 160
v 193 159
v 194 158
v 195 157
v 196 156
v 197 155
v 198 154
v 199 153
v 200 152
v 201 151
v 202 150
v 203 149
v 204 148
v 205 147
v 206 146
v 207 145
v 208 144
v 209 143
v 210 142
v 211 141
v 212 140
v 213 139
v 214 138
v 215 137
v 216 136
v 217 135
v 218 134
v 219 133
v 220 132
v 221 131
v 222 130
v 223 129
v 224 128
v 225 127
v 226 126
v 227 125
v 228 124
v 229 123
v 230 122
v 231 121
v 232 120
v 233 119
v 234 118
v 235 117
v 236 116
v 237 115
v 238 114
v 239 113
v 240 112
v 241 111
v 242 110
v 243 109
v 244 108
v 245 107
v 246 106
v 247 105
v 248 104
v 249 103
v 250 102
v 251 101
v 252 100
v 253 99
v 254 98
v 255 97
v 256 96
v 257 95
v 258 94
v 259 93
v 260 92
v 261 91
v 262 90
v 263 89
v 264 88
v 265 87
v 266 86
v 267 85
v 268 84
v 269 83
v 270 82
v 271 81
v 272 80
v 273 79
v 274 78
v 275 77
v 276 76
v 277 75
v 278 74
v 279 73
v 280 72
v 281 71
v 282 70
v 283 69
v 284 68
v 285 67
v 286 66
v 287 65
v 288 64
v 289 63
v 290 62
v 291 61
v 292 48
v 293 17
v 294 3
v 295 2
e 0 1 1
e 0 2 1
e 0 3 1
e 0 4 1
e 0 5 1
e 0 6 1
e 0 7 1
e 0 8 1
e 0 9 1
e 0 10 1
e 0 11 1
e 0 12 1
e 0 13 1
e 0 14 1
e 0 15 1
e 0 16 1
e 0 17 1
e 0 18 1
e 0 19 1
e 0 20 1
e 0 21 1
e 0 22 1
e 0 23 1
e 0 24 1
e 0 25 1
e 0 26 1
e 0 27 1
e 0 28 1
e 0 29 1
e 0 30 1
e 0 31 1
e 0 32 1
e 0 33 1
e 0 34 1
e 0 35 1
e 0 36 1
e 0 37 1
e 0 38 1
e 0 39 1
e 0 40 1
e 0 41 1
e 0 42 1
e 0 43 1
e 0 44 1
e 0 45 1
e 0 46 1
e 0 47 1
e 0 48 1
e 0 49 1
e 0 50 1
e 0 51 1
e 0 52 1
e 0 53 1
e 0 54 1
e 0 55 1
e 0 56 1
e 0 57 1
e 0 58 1
e 0 59 1
e 0 60 1
e 0 61 1
e 0 62 1
e 0 63 1
e 0 64 1
e 0 65 1
e 0 66 1
e 0 67 1
e 0 68 1
e 0 69 1
e 0 70 1
e 0 71 1
e 0 72 1
e 0 73 1
e 0 74 1
e 0 75 1
e 0 76 1
e 0 77 1
e 0 78 1
e 0 79 1
e 0 80 1
e 0 81 1
e 0 82 1
e 0 83 1
e 0 84 1
e 0 85 1
e 0 86 1
e 0 87 1
e 0 88 1
e 0 89 1
e 0 90 1
e 0 91 1
e 0 92 1
e 0 93 1
e 0 94 1
e 0 95 1
e 0 96 1
e 0 97 1
e 0 98 1
e 0 99 1
e 0 100 1
e 0 101 1
e 0 102 1
e 0 103 1
e 0 104 1
e 0 105 1
e 0 106 1
e 0 107 1
e 0 108 1
e 0 109 1
e 0 110 1
e 0 111 1
e 0 112 1
e 0 113 1
e 0 114 1
e 0 115 1
e 0 116 1
e 0 117 1
e 0 118 1
e 0 119 1
e 0 120 1
e 0 121 1
e 0 122 1
e 0 123 1
e 0 124 1
e 0 125 1
e 0 126 1
e 0 127 1
e 0 128 1
e 0 129 1
e 0 130 1
e 0 131 1
e 0 132 1
e 0 133 1
e 0 134 1
e 0 135 1
e 0 136 1
e 0 137 1
e 0 138 1
e 0 139 1
e 0 140 1
e 0 141 1
e 0 142 1
e 0 143 1
e 0 144 1
e 0 145 1
e 0 146 1
e 0 147 1
e 0 148 1
e 0 149 1
e 0 150 1
e 0 151 1
e 0 152 1
e 0 153 1
e 0 154 1
e 0 155 1
e 0 156 1
e 0 157 1
e 0 158 1
e 0 159 1
e 0 160 1
e 0 161 1
e 0 162 1
e 0 163 1
e 0 164 1
e 0 165 1
e 0 166 1
e 0 167 1
e 0 168 1
e 0 169 1
e 0 170 1
e 0 171 1
e 0 172 1
e 0 173 1
e 0 174 1
e 0 175 1
e 0 176 1
e 0 177 1
e 0 178 1
e 0 179 1
e 0 180 1
e 0 181 1
e 0 182 1
e 0 183 1
e 0 184 1
e 0 185 1
e 0 186 1
e 0 187 1
e 0 188 1
e 0 189 1
e 0 190 1
e 0 191 1
e 0 192 1
e 0 193 1
e 0 194 1
e 0 195 1
e 0 196 1
e 0 197 1
e 0 198 1
e 0 199 1
e 0 200 1
e 0 201 1
e 0 202 1
e 0 203 1
e 0 204 1
e 0 205 1
e 0 206 1
e 0 207 1
e 0 208 1
e 0 209 1
e 0 210 1
e 0 211 1
e 0 212 1
e 0 213 1
e 0 214 1
e 0 215 1
e 0 216 1
e 0 217 1
e 0 218 1
e 0 219 1
e 0 220 1
e 0 221 1
e 0 222 1
e 0 223 1
e 0 224 1
e 0 225 1
e 0 226 1
e 0 227 1
e 0 228 1
e 0 229 1
e 0 230 1
e 0 231 1
e 0 232 1
e 0 233 1
e 0 234 1
e 0 235 1
e 0 236 1
e 0 237 1
e 0 238 1
e 0 239 1
e 0 240 1
e 0 241 1
e 0 242 1
e 0 243 1
e 0 244 1
e 0 245 1
e 0 246 1
e 0 247 1
e 0 248 1
e 0 249 1
e 0 250 1
e 0 251 1
e 0 252 1
e 0 253 1
e 0 254 1
e 0 255 1
e 0 256 1
e 0 257 1
e 0 258 1
e 0 259 1
e 0 260 1
e 0 261 1
e 0 262 1
e 0 263 1
e 0 264 1
e 0 265 1
e 0 266 1
e 0 267 1
e 0 268 1
e 0 269 1
e 0 270 1
e 0 271 1
e 0 272 1
e 0 273 1
e 0 274 1
e 0 275 1
e 0 276 1
e 0 277 1
e 0 278 1
e 0 279 1
e 0 280 1
e 0 281 1
e 0 282 1
e 0 283 1
e 0 284 1
e 0 285 1
e 0 286 1
e 0 287 1
e 0 288 1
e 0 289 1
e 0 290 1
e 0 291 1
e 0 292 1
e 0 293 1
e 1 294 2
e 2 294 2
e 2 295 2
e 3 295 2
e 4 294 2
e 5 295 2
e 6 295 2
e 7 294 2
e 8 295 2
e 9 294 2
e 10 294 2
e 11 294 2
e 12 294 2
e 13 295 2
e 14 294 2
e 14 295 2
e 15 294 2
e 16 294 2
e 17 295 2
e 18 294 2
e 19 295 2
e 20 294 2
e 20 295 2
e 21 294 2
e 22 294 2
e 23 294 2
e 23 295 2
e 24 295 2
e 25 294 2
e 26 294 2
e 26 295 2
e 27 295 2
e 28 294 2
e 29 295 2
e 30 294 2
e 31 294 2
e 31 295 2
e 32 294 2
e 32 295 2
e 33 295 2
e 34 295 2
e 35 295 2
e 36 294 2
e 36 295 2
e 37 294 2
e 38 295 2
e 39 294 2
e 40 295 2
e 41 295 2
e 42 295 2
e 43 294 2
e 44 294 2
e 45 295 2
e 46 295 2
e 47 294 2
e 47 295 2
e 48 294 2
e 49 295 2
e 50 295 2
e 51 294 2
e 52 294 2
e 52 295 2
e 53 294 2
e 53 295 2
e 54 295 2
e 55 294 2
e 56 294 2
e 57 294 2
e 58 294 2
e 58 295 2
e 59 294 2
e 60 295 2
e 61 295 2
e 62 294 2
e 62 295 2
e 63 294 2
e 63 295 2
e 64 295 2
e 65 294 2
e 66 295 2
e 67 294 2
e 68 295 2
e 69 294 2
e 70 294 2
e 71 294 2
e 72 295 2
e 73 295 2
e 74 294 2
e 75 295 2
e 76 294 2
e 77 294 2
e 78 294 2
e 79 295 2
e 80 295 2
e 81 294 2
e 82 295 2
e 83 295 2
e 84 295 2
e 85 295 2
e 86 294 2
e 87 294 2
e 88 295 2
e 89 294 2
e 90 294 2
e 91 294 2
e 92 295 2
e 93 294 2
e 94 294 2
e 95 295 2
e 96 295 2
e 97 295 2
e 98 295 2
e 99 294 2
e 100 294 2
e 101 294 2
e 101 295 2
e 102 294 2
e 103 295 2
e 104 294 2
e 105 294 2
e 106 295 2
e 107 294 2
e 107 295 2
e 108 294 2
e 109 295 2
e 110 295 2
e 111 295 2
e 112 294 2
e 113 295 2
e 114 294 2
e 115 295 2
e 116 295 2
e 117 295 2
e 118 295 2
e 119 294 2
e 120 294 2
e 120 295 2
e 121 294 2
e 121 295 2
e 122 295 2
e 123 294 2
e 124 295 2
e 125 295 2
e 126 294 2
e 127 294 2
e 127 295 2
e 128 294 2
e 128 295 2
e 129 295 2
e 130 294 2
e 131 295 2
e 132 294 2
e 133 295 2
e 134 295 2
e 135 294 2
e 136 294 2
e 136 295 2
e 137 294 2
e 138 294 2
e 139 294 2
e 139 295 2
e 140 294 2
e 141 294 2
e 142 295 2
e 143 294 2
e 144 294 2
e 144 295 2
e 145 294 2
e 145 295 2
e 146 294 2
e 147 294 2
e 148 294 2
e 149 295 2
e 150 295 2
e 151 295 2
e 152 295 2
e 153 294 2
e 153 295 2
e 154 295 2
e 155 295 2
e 156 294 2
e 156 295 2
e 157 295 2
e 158 295 2
e 159 294 2
e 160 295 2
e 161 295 2
e 162 295 2
e 163 294 2
e 163 295 2
e 164 294 2
e 164 295 2
e 165 295 2
e 166 294 2
e 166 295 2
e 167 295 2
e 168 295 2
e 169 294 2
e 170 294 2
e 171 294 2
e 171 295 2
e 172 294 2
e 172 295 2
e 173 294 2
e 174 295 2
e 175 294 2
e 175 295 2
e 176 294 2
e 177 294 2
e 178 294 2
e 178 295 2
e 179 295 2
e 180 294 2
e 181 295 2
e 182 294 2
e 182 295 2
e 183 294 2
e 184 295 2
e 185 295 2
e 186 294 2
e 186 295 2
e 187 294 2
e 188 294 2
e 188 295 2
e 189 294 2
e 189 295 2
e 190 295 2
e 191 294 2
e 191 295 2
e 192 295 2
e 193 294 2
e 194 294 2
e 194 295 2
e 195 295 2
e 196 294 2
e 196 295 2
e 197 294 2
e 198 294 2
e 199 294 2
e 200 294 2
e 200 295 2
e 201 295 2
e 202 294 2
e 203 294 2
e 203 295 2
e 204 294 2
e 204 295 2
e 205 294 2
e 205 295 2
e 206 294 2
e 206 295 2
e 207 295 2
e 208 295 2
e 209 294 2
e 210 295 2
e 211 294 2
e 212 295 2
e 213 295 2
e 214 294 2
e 215 294 2
e 215 295 2
e 216 294 2
e 217 294 2
e 218 294 2
e 218 295 2
e 219 295 2
e 220 295 2
e 221 295 2
e 222 295 2
e 223 294 2
e 223 295 2
e 224 295 2
e 225 295 2
e 226 294 2
e 226 295 2
e 227 294 2
e 228 294 2
e 228 295 2
e 229 294 2
e 230 294 2
e 230 295 2
e 231 294 2
e 232 294 2
e 233 295 2
e 234 294 2
e 234 295 2
e 235 294 2
e 235 295 2
e 236 294 2
e 236 295 2
e 237 294 2
e 237 295 2
e 238 294 2
e 239 294 2
e 239 295 2
e 240 294 2
e 241 294 2
e 241 295 2
e 242 294 2
e 242 295 2
e 243 295 2
e 244 294 2
e 245 294 2
e 246 294 2
e 247 294 2
e 247 295 2
e 248 294 2
e 248 295 2
e 249 294 2
e 249 295 2
e 250 294 2
e 250 295 2
e 251 295 2
e 252 294 2
e 252 295 2
e 253 294 2
e 254 295 2
e 255 294 2
e 256 294 2
e 256 295 2
e 257 295 2
e 258 295 2
e 259 294 2
e 260 294 2
e 260 295 2
e 261 295 2
e 262 294 2
e 262 295 2
e 263 294 2
e 264 294 2
e 264 295 2
e 265 294 2
e 265 295 2
e 266 294 2
e 266 295 2
e 267 294 2
e 268 294 2
e 268 295 2
e 269 294 2
e 269 295 2
e 270 294 2
e 270 295 2
e 271 294 2
e 272 294 2
e 272 295 2
e 273 294 2
e 273 295 2
e 274 295 2
e 275 294 2
e 275 295 2
e 276 295 2
e 277 294 2
e 277 295 2
e 278 294 2
e 279 295 2
e 280 294 2
e 281 294 2
e 282 294 2
e 283 294 2
e 284 294 2
e 284 295 2
e 285 294 2
e 286 294 2
e 286 295 2
e 287 294 2
e 288 295 2
e 289 294 2
e 289 295 2
e 290 294 2
e 291 294 2
e 292 294 2
e 292 295 2
e 293 294 2
e 293 295 2
e 286 293 3
e 31 293 3
e 206 293 3
e 16 292 3
e 29 292 3
e 240 292 3
e 37 292 3
e 57 292 3
e 64 292 3
e 129 292 3
e 141 292 3
e 211 292 3
e 220 292 3
e 280 292 3
e 291 290 3
e 290 289 3
e 289 288 3
e 288 287 3
e 269 286 3
e 155 286 3
e 274 286 3
e 287 286 3
e 286 285 3
e 285 284 3
e 284 283 3
e 283 282 3
e 282 281 3
e 210 280 3
e 281 280 3
e 292 279 3
e 279 278 3
e 292 277 3
e 197 277 3
e 278 277 3
e 277 276 3
e 36 275 3
e 104 275 3
e 276 275 3
e 275 274 3
e 286 273 3
e 265 272 3
e 197 272 3
e 273 272 3
e 272 271 3
e 27 270 3
e 200 270 3
e 50 270 3
e 101 270 3
e 146 270 3
e 241 270 3
e 254 270 3
e 186 270 3
e 195 270 3
e 229 270 3
e 238 270 3
e 271 270 3
e 205 269 3
e 223 269 3
e 270 269 3
e 269 268 3
e 268 267 3
e 114 266 3
e 184 266 3
e 267 266 3
e 218 265 3
e 38 265 3
e 235 265 3
e 240 265 3
e 266 265 3
e 265 264 3
e 264 263 3
e 146 262 3
e 263 262 3
e 262 261 3
e 261 260 3
e 65 259 3
e 84 259 3
e 260 259 3
e 259 258 3
e 258 257 3
e 109 256 3
e 116 256 3
e 152 256 3
e 221 256 3
e 226 256 3
e 257 256 3
e 256 255 3
e 174 254 3
e 255 254 3
e 189 253 3
e 254 253 3
e 253 252 3
e 252 251 3
e 37 250 3
e 251 250 3
e 292 249 3
e 250 249 3
e 293 248 3
e 41 248 3
e 49 248 3
e 58 248 3
e 241 248 3
e 175 248 3
e 83 248 3
e 93 248 3
e 98 248 3
e 205 248 3
e 256 248 3
e 266 248 3
e 236 248 3
e 177 248 3
e 182 248 3
e 249 248 3
e 248 247 3
e 140 246 3
e 247 246 3
e 246 245 3
e 245 244 3
e 244 243 3
e 87 242 3
e 243 242 3
e 152 241 3
e 226 241 3
e 182 241 3
e 194 241 3
e 256 241 3
e 193 241 3
e 242 241 3
e 35 240 3
e 151 240 3
e 187 240 3
e 241 240 3
e 86 239 3
e 265 239 3
e 239 238 3
e 270 237 3
e 237 236 3
e 265 235 3
e 241 235 3
e 236 235 3
e 235 234 3
e 234 233 3
e 233 232 3
e 232 231 3
e 60 230 3
e 231 230 3
e 292 229 3
e 230 229 3
e 223 228 3
e 270 228 3
e 222 227 3
e 228 227 3
e 63 226 3
e 227 226 3
e 256 225 3
e 225 224 3
e 72 223 3
e 110 223 3
e 224 223 3
e 186 222 3
e 267 222 3
e 222 221 3
e 33 220 3
e 256 220 3
e 292 219 3
e 4 218 3
e 32 218 3
e 219 218 3
e 218 217 3
e 217 216 3
e 216 215 3
e 215 214 3
e 214 213 3
e 213 212 3
e 212 211 3
e 229 210 3
e 280 209 3
e 209 208 3
e 208 207 3
e 9 206 3
e 28 206 3
e 207 206 3
e 18 205 3
e 23 205 3
e 119 205 3
e 293 205 3
e 286 204 3
e 240 204 3
e 194 204 3
e 205 204 3
e 204 203 3
e 203 202 3
e 202 201 3
e 51 200 3
e 201 200 3
e 200 199 3
e 199 198 3
e 169 197 3
e 198 197 3
e 272 196 3
e 277 195 3
e 196 195 3
e 228 194 3
e 203 193 3
e 193 192 3
e 119 191 3
e 192 191 3
e 191 190 3
e 196 189 3
e 190 189 3
e 105 188 3
e 252 188 3
e 164 187 3
e 188 187 3
e 34 186 3
e 241 186 3
e 228 185 3
e 185 184 3
e 189 183 3
e 56 182 3
e 230 182 3
e 74 182 3
e 147 182 3
e 183 182 3
e 247 181 3
e 181 180 3
e 180 179 3
e 128 178 3
e 179 178 3
e 14 177 3
e 178 177 3
e 248 176 3
e 79 175 3
e 113 175 3
e 176 175 3
e 175 174 3
e 248 173 3
e 40 172 3
e 43 172 3
e 48 172 3
e 97 172 3
e 175 172 3
e 158 172 3
e 173 172 3
e 172 171 3
e 171 170 3
e 170 169 3
e 277 168 3
e 168 167 3
e 167 166 3
e 166 165 3
e 182 164 3
e 275 164 3
e 165 164 3
e 164 163 3
e 163 162 3
e 162 161 3
e 161 160 3
e 160 159 3
e 159 158 3
e 172 157 3
e 6 156 3
e 157 156 3
e 156 155 3
e 203 154 3
e 154 153 3
e 44 152 3
e 153 152 3
e 269 151 3
e 240 150 3
e 150 149 3
e 149 148 3
e 235 147 3
e 89 147 3
e 148 147 3
e 3 146 3
e 144 146 3
e 182 146 3
e 261 145 3
e 145 144 3
e 270 143 3
e 143 142 3
e 142 141 3
e 248 140 3
e 245 139 3
e 139 138 3
e 138 137 3
e 137 136 3
e 136 135 3
e 135 134 3
e 134 133 3
e 133 132 3
e 132 131 3
e 131 130 3
e 130 129 3
e 292 128 3
e 178 127 3
e 127 126 3
e 126 125 3
e 125 124 3
e 124 123 3
e 123 122 3
e 122 121 3
e 100 120 3
e 103 120 3
e 121 120 3
e 120 119 3
e 191 118 3
e 118 117 3
e 239 116 3
e 117 116 3
e 256 115 3
e 115 114 3
e 248 113 3
e 172 112 3
e 112 111 3
e 111 110 3
e 228 109 3
e 248 108 3
e 92 107 3
e 102 107 3
e 108 107 3
e 107 106 3
e 106 105 3
e 188 104 3
e 187 103 3
e 248 102 3
e 241 101 3
e 256 101 3
e 107 101 3
e 101 100 3
e 120 99 3
e 99 98 3
e 248 97 3
e 172 96 3
e 96 95 3
e 95 94 3
e 94 93 3
e 248 92 3
e 107 91 3
e 91 90 3
e 90 89 3
e 164 88 3
e 88 87 3
e 242 86 3
e 182 85 3
e 85 84 3
e 259 83 3
e 248 82 3
e 82 81 3
e 81 80 3
e 80 79 3
e 248 78 3
e 78 77 3
e 77 76 3
e 76 75 3
e 75 74 3
e 248 73 3
e 73 72 3
e 223 71 3
e 71 70 3
e 70 69 3
e 69 68 3
e 68 67 3
e 67 66 3
e 66 65 3
e 259 64 3
e 292 63 3
e 101 62 3
e 62 61 3
e 61 60 3
e 182 59 3
e 59 58 3
e 248 57 3
e 63 56 3
e 248 55 3
e 55 54 3
e 54 53 3
e 45 52 3
e 53 52 3
e 52 51 3
e 51 50 3
e 194 49 3
e 248 48 3
e 172 47 3
e 47 46 3
e 46 45 3
e 228 44 3
e 248 43 3
e 172 42 3
e 42 41 3
e 248 40 3
e 172 39 3
e 39 38 3
e 265 37 3
e 19 36 3
e 292 36 3
e 275 35 3
e 195 34 3
e 227 33 3
e 292 32 3
e 250 31 3
e 248 30 3
e 30 29 3
e 292 28 3
e 206 27 3
e 2 26 3
e 269 26 3
e 26 25 3
e 25 24 3
e 24 23 3
e 205 22 3
e 22 21 3
e 21 20 3
e 20 19 3
e 36 18 3
e 293 17 3
e 17 16 3
e 292 15 3
e 15 14 3
e 177 13 3
e 13 12 3
e 12 11 3
e 11 10 3
e 10 9 3
e 293 8 3
e 8 7 3
e 7 6 3
e 156 5 3
e 5 4 3
e 218 3 3
e 270 2 3
e 26 1 3
t # 2
v 0 9
v 1 718
v 2 717
v 3 716
v 4 715
v 5 714
v 6 713
v 7 712
v 8 711
v 9 710
v 10 709
v 11 708
v 12 707
v 13 706
v 14 705
v 15 704
v 16 703
v 17 702
v 18 701
v 19 700
v 20 699
v 21 698
v 22 697
v 23 696
v 24 695
v 25 694
v 26 693
v 27 692
v 28 691
v 29 690
v 30 689
v 31 688
v 32 687
v 33 686
v 34 685
v 35 684
v 36 683
v 37 682
v 38 681
v 39 680
v 40 679
v 41 678
v 42 677
v 43 676
v 44 675
v 45 674
v 46 673
v 47 672
v 48 671
v 49 670
v 50 669
v 51 668
v 52 667
v 53 666
v 54 665
v 55 664
v 56 663
v 57 662
v 58 661
v 59 660
v 60 659
v 61 658
v 62 657
v 63 656
v 64 655
v 65 654
v 66 653
v 67 652
v 68 651
v 69 650
v 70 649
v 71 648
v 72 647
v 73 646
v 74 645
v 75 644
v 76 643
v 77 642
v 78 641
v 79 640
v 80 639
v 81 638
v 82 637
v 83 636
v 84 635
v 85 634
v 86 633
v 87 632
v 88 631
v 89 630
v 90 629
v 91 628
v 92 627
v 93 626
v 94 625
v 95 624
v 96 623
v 97 622
v 98 621
v 99 620
v 100 619
v 101 618
v 102 617
v 103 616
v 104 615
v 105 614
v 106 613
v 107 612
v 108 611
v 109 610
v 110 609
v 111 608
v 112 607
v 113 606
v 114 605
v 115 604
v 116 603
v 117 602
v 118 601
v 119 600
v 120 599
v 121 598
v 122 597
v 123 596
v 124 595
v 125 594
v 126 593
v 127 592
v 128 591
v 129 590
v 130 589
v 131 588
v 132 587
v 133 586
v 134 585
v 135 584
v 136 583
v 137 582
v 138 581
v 139 580
v 140 579
v 141 578
v 142 577
v 143 576
v 144 575
v 145 574
v 146 573
v 147 572
v 148 571
v 149 570
v 150 569
v 151 568
v 152 567
v 153 566
v 154 565
v 155 564
v 156 563
v 157 562
v 158 561
v 159 560
v 160 559
v 161 558
v 162 557
v 163 556
v 164 555
v 165 554
v 166 553
v 167 552
v 168 551
v 169 550
v 170 549
v 171 548
v 172 547
v 173 546
v 174 545
v 175 544
v 176 543
v 177 542
v 178 541
v 179 540
v 180 539
v 181 538
v 182 537
v 183 536
v 184 535
v 185 534
v 186 533
v 187 532
v 188 531
v 189 530
v 190 529
v 191 528
v 192 527
v 193 526
v 194 525
v 195 524
v 196 523
v 197 522
v 198 521
v 199 520
v 200 519
v 201 518
v 202 517
v 203 516
v 204 515
v 205 514
v 206 513
v 207 512
v 208 511
v 209 510
v 210 509
v 211 508
v 212 507
v 213 506
v 214 505
v 215 504
v 216 503
v 217 502
v 218 501
v 219 500
v 220 499
v 221 498
v 222 497
v 223 496
v 224 495
v 225 494
v 226 493
v 227 492
v 228 491
v 229 490
v 230 489
v 231 488
v 232 487
v 233 486
v 234 485
v 235 484
v 236 483
v 237 482
v 238 481
v 239 480
v 240 479
v 241 478
v 242 477
v 243 476
v 244 475
v 245 474
v 246 473
v 247 472
v 248 471
v 249 470
v 250 469
v 251 468
v 252 467
v 253 466
v 254 465
v 255 464
v 256 463
v 257 462
v 258 461
v 259 460
v 260 459
v 261 458
v 262 457
v 263 456
v 264 455
v 265 454
v 266 453
v 267 452
v 268 451
v 269 450
v 270 449
v 271 448
v 272 447
v 273 446
v 274 445
v 275 444
v 276 443
v 277 442
v 278 441
v 279 440
v 280 439
v 281 438
v 282 437
v 283 436
v 284 435
v 285 434
v 286 433
v 287 432
v 288 431
v 289 430
v 290 429
v 291 428
v 292 427
v 293 426
v 294 425
v 295 424
v 296 423
v 297 422
v 298 421
v 299 420
v 300 419
v 301 418
v 302 417
v 303 416
v 304 415
v 305 414
v 306 413
v 307 412
v 308 411
v 309 410
v 310 409
v 311 408
v 312 407
v 313 406
v 314 405
v 315 404
v 316 403
v 317 402
v 318 401
v 319 400
v 320 399
v 321 398
v 322 397
v 323 396
v 324 395
v 325 394
v 326 393
v 327 392
v 328 391
v 329 390
v 330 389
v 331 388
v 332 387
v 333 386
v 334 385
v 335 384
v 336 383
v 337 382
v 338 381
v 339 380
v 340 379
v 341 378
v 342 377
v 343 376
v 344 375
v 345 374
v 346 373
v 347 372
v 348 371
v 349 370
v 350 369
v 351 368
v 352 367
v 353 366
v 354 365
v 355 364
v 356 363
v 357 362
v 358 361
v 359 360
v 360 359
v 361 358
v 362 357
v 363 356
v 364 355
v 365 354
v 366 353
v 367 338
v 368 329
v 369 301
v 370 294
v 371 290
v 372 231
v 373 196
v 374 189
v 375 188
v 376 180
v 377 161
v 378 147
v 379 146
v 380 118
v 381 111
v 382 104
v 383 96
v 384 90
v 385 83
v 386 79
v 387 77
v 388 66
v 389 53
v 390 48
v 391 17
v 392 15
v 393 2
v 394 3
e 0 1 1
e 0 2 1
e 0 3 1
e 0 4 1
e 0 5 1
e 0 6 1
e 0 7 1
e 0 8 1
e 0 9 1
e 0 10 1
e 0 11 1
e 0 12 1
e 0 13 1
e 0 14 1
e 0 15 1
e 0 16 1
e 0 17 1
e 0 18 1
e 0 19 1
e 0 20 1
e 0 21 1
e 0 22 1
e 0 23 1
e 0 24 1
e 0 25 1
e 0 26 1
e 0 27 1
e 0 28 1
e 0 29 1
e 0 30 1
e 0 31 1
e 0 32 1
e 0 33 1
e 0 34 1
e 0 35 1
e 0 36 1
e 0 37 1
e 0 38 1
e 0 39 1
e 0 40 1
e 0 41 1
e 0 42 1
e 0 43 1
e 0 44 1
e 0 45 1
e 0 46 1
e 0 47 1
e 0 48 1
e 0 49 1
e 0 50 1
e 0 51 1
e 0 52 1
e 0 53 1
e 0 54 1
e 0 55 1
e 0 56 1
e 0 57 1
e 0 58 1
e 0 59 1
e 0 60 1
e 0 61 1
e 0 62 1
e 0 63 1
e 0 64 1
e 0 65 1
e 0 66 1
e 0 67 1
e 0 68 1
e 0 69 1
e 0 70 1
e 0 71 1
e 0 72 1
e 0 73 1
e 0 74 1
e 0 75 1
e 0 76 1
e 0 77 1
e 0 78 1
e 0 79 1
e 0 80 1
e 0 81 1
e 0 82 1
e 0 83 1
e 0 84 1
e 0 85 1
e 0 86 1
e 0 87 1
e 0 88 1
e 0 89 1
e 0 90 1
e 0 91 1
e 0 92 1
e 0 93 1
e 0 94 1
e 0 95 1
e 0 96 1
e 0 97 1
e 0 98 1
e 0 99 1
e 0 100 1
e 0 101 1
e 0 102 1
e 0 103 1
e 0 104 1
e 0 105 1
e 0 106 1
e 0 107 1
e 0 108 1
e 0 109 1
e 0 110 1
e 0 111 1
e 0 112 1
e 0 113 1
e 0 114 1
e 0 115 1
e 0 116 1
e 0 117 1
e 0 118 1
e 0 119 1
e 0 120 1
e 0 121 1
e 0 122 1
e 0 123 1
e 0 124 1
e 0 125 1
e 0 126 1
e 0 127 1
e 0 128 1
e 0 129 1
e 0 130 1
e 0 131 1
e 0 132 1
e 0 133 1
e 0 134 1
e 0 135 1
e 0 136 1
e 0 137 1
e 0 138 1
e 0 139 1
e 0 140 1
e 0 141 1
e 0 142 1
e 0 143 1
e 0 144 1
e 0 145 1
e 0 146 1
e 0 147 1
e 0 148 1
e 0 149 1
e 0 150 1
e 0 151 1
e 0 152 1
e 0 153 1
e 0 154 1
e 0 155 1
e 0 156 1
e 0 157 1
e 0 158 1
e 0 159 1
e 0 160 1
e 0 161 1
e 0 162 1
e 0 163 1
e 0 164 1
e 0 165 1
e 0 166 1
e 0 167 1
e 0 168 1
e 0 169 1
e 0 170 1
e 0 171 1
e 0 172 1
e 0 173 1
e 0 174 1
e 0 175 1
e 0 176 1
e 0 177 1
e 0 178 1
e 0 179 1
e 0 180 1
e 0 181 1
e 0 182 1
e 0 183 1
e 0 184 1
e 0 185 1
e 0 186 1
e 0 187 1
e 0 188 1
e 0 189 1
e 0 190 1
e 0 191 1
e 0 192 1
e 0 193 1
e 0 194 1
e 0 195 1
e 0 196 1
e 0 197 1
e 0 198 1
e 0 199 1
e 0 200 1
e 0 201 1
e 0 202 1
e 0 203 1
e 0 204 1
e 0 205 1
e 0 206 1
e 0 207 1
e 0 208 1
e 0 209 1
e 0 210 1
e 0 211 1
e 0 212 1
e 0 213 1
e 0 214 1
e 0 215 1
e 0 216 1
e 0 217 1
e 0 218 1
e 0 219 1
e 0 220 1
e 0 221 1
e 0 222 1
e 0 223 1
e 0 224 1
e 0 225 1
e 0 226 1
e 0 227 1
e 0 228 1
e 0 229 1
e 0 230 1
e 0 231 1
e 0 232 1
e 0 233 1
e 0 234 1
e 0 235 1
e 0 236 1
e 0 237 1
e 0 238 1
e 0 239 1
e 0 240 1
e 0 241 1
e 0 242 1
e 0 243 1
e 0 244 1
e 0 245 1
e 0 246 1
e 0 247 1
e 0 248 1
e 0 249 1
e 0 250 1
e 0 251 1
e 0 252 1
e 0 253 1
e 0 254 1
e 0 255 1
e 0 256 1
e 0 257 1
e 0 258 1
e 0 259 1
e 0 260 1
e 0 261 1
e 0 262 1
e 0 263 1
e 0 264 1
e 0 265 1
e 0 266 1
e 0 267 1
e 0 268 1
e 0 269 1
e 0 270 1
e 0 271 1
e 0 272 1
e 0 273 1
e 0 274 1
e 0 275 1
e 0 276 1
e 0 277 1
e 0 278 1
e 0 279 1
e 0 280 1
e 0 281 1
e 0 282 1
e 0 283 1
e 0 284 1
e 0 285 1
e 0 286 1
e 0 287 1
e 0 288 1
e 0 289 1
e 0 290 1
e 0 291 1
e 0 292 1
e 0 293 1
e 0 294 1
e 0 295 1
e 0 296 1
e 0 297 1
e 0 298 1
e 0 299 1
e 0 300 1
e 0 301 1
e 0 302 1
e 0 303 1
e 0 304 1
e 0 305 1
e 0 306 1
e 0 307 1
e 0 308 1
e 0 309 1
e 0 310 1
e 0 311 1
e 0 312 1
e 0 313 1
e 0 314 1
e 0 315 1
e 0 316 1
e 0 317 1
e 0 318 1
e 0 319 1
e 0 320 1
e 0 321 1
e 0 322 1
e 0 323 1
e 0 324 1
e 0 325 1
e 0 326 1
e 0 327 1
e 0 328 1
e 0 329 1
e 0 330 1
e 0 331 1
e 0 332 1
e 0 333 1
e 0 334 1
e 0 335 1
e 0 336 1
e 0 337 1
e 0 338 1
e 0 339 1
e 0 340 1
e 0 341 1
e 0 342 1
e 0 343 1
e 0 344 1
e 0 345 1
e 0 346 1
e 0 347 1
e 0 348 1
e 0 349 1
e 0 350 1
e 0 351 1
e 0 352 1
e 0 353 1
e 0 354 1
e 0 355 1
e 0 356 1
e 0 357 1
e 0 358 1
e 0 359 1
e 0 360 1
e 0 361 1
e 0 362 1
e 0 363 1
e 0 364 1
e 0 365 1
e 0 366 1
e 0 367 1
e 0 368 1
e 0 369 1
e 0 370 1
e 0 371 1
e 0 372 1
e 0 373 1
e 0 374 1
e 0 375 1
e 0 376 1
e 0 377 1
e 0 378 1
e 0 379 1
e 0 380 1
e 0 381 1
e 0 382 1
e 0 383 1
e 0 384 1
e 0 385 1
e 0 386 1
e 0 387 1
e 0 388 1
e 0 389 1
e 0 390 1
e 0 391 1
e 0 392 1
e 1 393 2
e 2 394 2
e 3 394 2
e 4 393 2
e 5 393 2
e 6 394 2
e 7 394 2
e 8 394 2
e 8 393 2
e 9 393 2
e 10 394 2
e 11 393 2
e 12 393 2
e 13 394 2
e 14 394 2
e 15 394 2
e 16 394 2
e 17 393 2
e 18 394 2
e 19 393 2
e 20 393 2
e 21 394 2
e 21 393 2
e 22 394 2
e 23 394 2
e 24 394 2
e 25 394 2
e 25 393 2
e 26 393 2
e 27 393 2
e 28 394 2
e 29 394 2
e 30 394 2
e 31 394 2
e 31 393 2
e 32 393 2
e 33 393 2
e 34 393 2
e 35 394 2
e 36 393 2
e 37 394 2
e 38 394 2
e 38 393 2
e 39 394 2
e 40 394 2
e 40 393 2
e 41 394 2
e 41 393 2
e 42 394 2
e 43 394 2
e 44 394 2
e 45 393 2
e 46 394 2
e 46 393 2
e 47 393 2
e 48 394 2
e 49 394 2
e 49 393 2
e 50 394 2
e 51 393 2
e 52 394 2
e 53 394 2
e 54 394 2
e 55 394 2
e 56 394 2
e 56 393 2
e 57 393 2
e 58 394 2
e 59 393 2
e 60 393 2
e 61 393 2
e 62 393 2
e 63 394 2
e 64 394 2
e 65 393 2
e 66 394 2
e 67 394 2
e 68 394 2
e 69 393 2
e 70 393 2
e 71 393 2
e 72 394 2
e 73 393 2
e 74 393 2
e 75 394 2
e 76 394 2
e 77 394 2
e 77 393 2
e 78 393 2
e 79 393 2
e 80 394 2
e 81 393 2
e 82 393 2
e 83 393 2
e 84 394 2
e 85 394 2
e 86 393 2
e 87 394 2
e 88 394 2
e 89 393 2
e 90 394 2
e 91 394 2
e 92 394 2
e 93 394 2
e 94 393 2
e 95 394 2
e 96 394 2
e 97 394 2
e 98 393 2
e 99 393 2
e 100 393 2
e 101 393 2
e 102 394 2
e 103 394 2
e 104 393 2
e 105 394 2
e 105 393 2
e 106 394 2
e 106 393 2
e 107 394 2
e 108 393 2
e 109 394 2
e 110 394 2
e 111 394 2
e 112 393 2
e 113 394 2
e 114 394 2
e 115 394 2
e 116 393 2
e 117 394 2
e 117 393 2
e 118 394 2
e 119 394 2
e 120 393 2
e 121 394 2
e 122 394 2
e 123 394 2
e 124 394 2
e 125 393 2
e 126 394 2
e 127 394 2
e 128 393 2
e 129 394 2
e 129 393 2
e 130 393 2
e 131 393 2
e 132 393 2
e 133 393 2
e 134 394 2
e 135 393 2
e 136 394 2
e 137 394 2
e 137 393 2
e 138 393 2
e 139 393 2
e 140 393 2
e 141 393 2
e 142 394 2
e 143 394 2
e 144 394 2
e 145 394 2
e 146 394 2
e 147 393 2
e 148 393 2
e 149 394 2
e 150 393 2
e 151 393 2
e 152 393 2
e 153 393 2
e 154 394 2
e 155 394 2
e 156 394 2
e 157 394 2
e 158 393 2
e 159 393 2
e 160 394 2
e 161 393 2
e 162 393 2
e 163 393 2
e 164 393 2
e 165 394 2
e 165 393 2
e 166 393 2
e 167 394 2
e 167 393 2
e 168 394 2
e 169 393 2
e 170 394 2
e 171 394 2
e 172 394 2
e 173 394 2
e 174 393 2
e 175 394 2
e 175 393 2
e 176 394 2
e 176 393 2
e 177 394 2
e 178 394 2
e 179 394 2
e 180 394 2
e 181 393 2
e 182 393 2
e 183 394 2
e 184 394 2
e 184 393 2
e 185 394 2
e 186 394 2
e 186 393 2
e 187 394 2
e 188 394 2
e 188 393 2
e 189 394 2
e 190 394 2
e 191 393 2
e 192 393 2
e 193 393 2
e 194 393 2
e 195 393 2
e 196 394 2
e 196 393 2
e 197 394 2
e 198 394 2
e 199 394 2
e 200 394 2
e 200 393 2
e 201 393 2
e 202 394 2
e 202 393 2
e 203 394 2
e 204 393 2
e 205 394 2
e 206 393 2
e 207 394 2
e 207 393 2
e 208 394 2
e 209 394 2
e 209 393 2
e 210 393 2
e 211 393 2
e 212 393 2
e 213 394 2
e 213 393 2
e 214 394 2
e 214 393 2
e 215 394 2
e 216 393 2
e 217 393 2
e 218 394 2
e 219 393 2
e 220 393 2
e 221 394 2
e 222 393 2
e 223 394 2
e 224 393 2
e 225 394 2
e 226 393 2
e 227 394 2
e 227 393 2
e 228 394 2
e 229 394 2
e 229 393 2
e 230 394 2
e 231 393 2
e 232 393 2
e 233 393 2
e 234 393 2
e 235 394 2
e 236 393 2
e 237 394 2
e 238 393 2
e 239 393 2
e 240 393 2
e 241 394 2
e 242 393 2
e 243 394 2
e 244 394 2
e 245 393 2
e 246 393 2
e 247 394 2
e 248 394 2
e 249 394 2
e 250 394 2
e 251 394 2
e 251 393 2
e 252 393 2
e 253 393 2
e 254 393 2
e 255 393 2
e 256 393 2
e 257 394 2
e 257 393 2
e 258 394 2
e 259 394 2
e 259 393 2
e 260 393 2
e 261 393 2
e 262 393 2
e 263 394 2
e 264 393 2
e 265 394 2
e 265 393 2
e 266 394 2
e 266 393 2
e 267 393 2
e 268 393 2
e 269 394 2
e 270 393 2
e 271 393 2
e 272 393 2
e 273 394 2
e 274 394 2
e 275 393 2
e 276 394 2
e 277 393 2
e 278 394 2
e 279 394 2
e 279 393 2
e 280 393 2
e 281 394 2
e 281 393 2
e 282 393 2
e 283 393 2
e 284 394 2
e 285 393 2
e 286 394 2
e 286 393 2
e 287 394 2
e 287 393 2
e 288 394 2
e 289 393 2
e 290 393 2
e 291 393 2
e 292 394 2
e 293 393 2
e 294 393 2
e 295 394 2
e 295 393 2
e 296 394 2
e 296 393 2
e 297 393 2
e 298 394 2
e 298 393 2
e 299 393 2
e 300 394 2
e 300 393 2
e 301 394 2
e 302 393 2
e 303 394 2
e 303 393 2
e 304 394 2
e 304 393 2
e 305 393 2
e 306 394 2
e 307 394 2
e 307 393 2
e 308 394 2
e 309 394 2
e 309 393 2
e 310 393 2
e 311 394 2
e 311 393 2
e 312 394 2
e 312 393 2
e 313 394 2
e 314 394 2
e 315 394 2
e 315 393 2
e 316 394 2
e 316 393 2
e 317 394 2
e 317 393 2
e 318 394 2
e 318 393 2
e 319 394 2
e 319 393 2
e 320 394 2
e 321 394 2
e 322 393 2
e 323 394 2
e 324 393 2
e 325 393 2
e 326 394 2
e 327 393 2
e 328 394 2
e 329 393 2
e 330 394 2
e 331 393 2
e 332 393 2
e 333 394 2
e 334 394 2
e 334 393 2
e 335 393 2
e 336 394 2
e 337 394 2
e 337 393 2
e 338 394 2
e 339 393 2
e 340 394 2
e 340 393 2
e 341 394 2
e 341 393 2
e 342 393 2
e 343 394 2
e 343 393 2
e 344 394 2
e 345 393 2
e 346 393 2
e 347 394 2
e 347 393 2
e 348 394 2
e 348 393 2
e 349 394 2
e 349 393 2
e 350 394 2
e 351 394 2
e 351 393 2
e 352 394 2
e 353 394 2
e 354 394 2
e 354 393 2
e 355 394 2
e 356 394 2
e 356 393 2
e 357 394 2
e 358 393 2
e 359 394 2
e 359 393 2
e 360 394 2
e 361 394 2
e 361 393 2
e 362 393 2
e 363 394 2
e 363 393 2
e 364 394 2
e 365 393 2
e 366 394 2
e 367 394 2
e 367 393 2
e 368 394 2
e 368 393 2
e 369 394 2
e 370 394 2
e 370 393 2
e 371 394 2
e 371 393 2
e 372 394 2
e 372 393 2
e 373 394 2
e 373 393 2
e 374 394 2
e 374 393 2
e 375 394 2
e 375 393 2
e 376 394 2
e 376 393 2
e 377 394 2
e 377 393 2
e 378 394 2
e 378 393 2
e 379 394 2
e 379 393 2
e 380 394 2
e 380 393 2
e 381 394 2
e 381 393 2
e 382 394 2
e 382 393 2
e 383 394 2
e 383 393 2
e 384 394 2
e 384 393 2
e 385 394 2
e 385 393 2
e 386 394 2
e 386 393 2
e 387 394 2
e 387 393 2
e 388 394 2
e 388 393 2
e 389 393 2
e 390 394 2
e 390 393 2
e 391 394 2
e 391 393 2
e 392 394 2
e 392 393 2
e 368 392 3
e 298 391 3
e 100 390 3
e 184 390 3
e 183 390 3
e 190 390 3
e 194 390 3
e 311 390 3
e 217 390 3
e 227 390 3
e 354 390 3
e 247 390 3
e 255 390 3
e 359 390 3
e 271 390 3
e 356 390 3
e 291 390 3
e 334 390 3
e 340 390 3
e 350 390 3
e 273 389 3
e 65 388 3
e 72 388 3
e 134 388 3
e 206 388 3
e 54 387 3
e 254 387 3
e 342 387 3
e 388 386 3
e 207 385 3
e 28 384 3
e 151 384 3
e 214 384 3
e 249 384 3
e 175 383 3
e 140 382 3
e 390 382 3
e 312 382 3
e 246 382 3
e 347 381 3
e 6 381 3
e 212 380 3
e 108 379 3
e 186 379 3
e 97 378 3
e 135 378 3
e 164 378 3
e 238 377 3
e 76 376 3
e 85 376 3
e 107 376 3
e 359 376 3
e 103 375 3
e 264 375 3
e 12 374 3
e 167 373 3
e 180 373 3
e 307 372 3
e 179 371 3
e 211 370 3
e 105 369 3
e 213 368 3
e 367 368 3
e 378 367 3
e 384 367 3
e 366 365 3
e 365 364 3
e 76 363 3
e 184 363 3
e 364 363 3
e 363 362 3
e 176 361 3
e 380 361 3
e 362 361 3
e 361 360 3
e 259 359 3
e 231 359 3
e 260 359 3
e 360 359 3
e 359 358 3
e 261 357 3
e 358 357 3
e 16 356 3
e 390 356 3
e 275 356 3
e 286 356 3
e 351 356 3
e 357 356 3
e 356 355 3
e 381 354 3
e 178 354 3
e 244 354 3
e 390 354 3
e 355 354 3
e 354 353 3
e 353 352 3
e 241 351 3
e 352 351 3
e 356 350 3
e 62 349 3
e 261 349 3
e 142 349 3
e 148 349 3
e 383 349 3
e 314 349 3
e 390 349 3
e 5 349 3
e 7 349 3
e 162 348 3
e 250 348 3
e 349 348 3
e 93 347 3
e 160 347 3
e 186 347 3
e 348 347 3
e 347 346 3
e 346 345 3
e 345 344 3
e 290 343 3
e 344 343 3
e 335 342 3
e 343 342 3
e 51 341 3
e 342 341 3
e 196 340 3
e 236 340 3
e 341 340 3
e 390 339 3
e 339 338 3
e 55 337 3
e 289 337 3
e 306 337 3
e 338 337 3
e 337 336 3
e 336 335 3
e 363 334 3
e 387 334 3
e 390 333 3
e 333 332 3
e 332 331 3
e 331 330 3
e 387 329 3
e 330 329 3
e 329 328 3
e 328 327 3
e 327 326 3
e 326 325 3
e 325 324 3
e 324 323 3
e 323 322 3
e 322 321 3
e 321 320 3
e 199 319 3
e 320 319 3
e 319 318 3
e 304 317 3
e 318 317 3
e 317 316 3
e 101 315 3
e 144 315 3
e 316 315 3
e 315 314 3
e 370 313 3
e 349 313 3
e 313 312 3
e 61 311 3
e 136 311 3
e 147 311 3
e 251 311 3
e 312 311 3
e 311 310 3
e 139 309 3
e 146 309 3
e 245 309 3
e 310 309 3
e 60 308 3
e 309 308 3
e 154 307 3
e 308 307 3
e 294 307 3
e 307 306 3
e 337 305 3
e 305 304 3
e 317 303 3
e 40 302 3
e 303 302 3
e 302 301 3
e 301 300 3
e 2 300 3
e 300 299 3
e 299 298 3
e 391 297 3
e 297 296 3
e 296 295 3
e 295 294 3
e 118 293 3
e 294 293 3
e 293 292 3
e 281 291 3
e 292 291 3
e 390 290 3
e 343 289 3
e 336 288 3
e 191 287 3
e 288 287 3
e 218 286 3
e 368 286 3
e 287 286 3
e 390 285 3
e 285 284 3
e 228 283 3
e 284 283 3
e 283 282 3
e 24 281 3
e 351 281 3
e 282 281 3
e 11 281 3
e 281 280 3
e 280 279 3
e 279 278 3
e 278 277 3
e 277 276 3
e 276 275 3
e 390 274 3
e 274 273 3
e 389 272 3
e 272 271 3
e 390 270 3
e 270 269 3
e 269 268 3
e 268 267 3
e 232 266 3
e 267 266 3
e 266 265 3
e 265 264 3
e 375 263 3
e 263 262 3
e 117 261 3
e 384 261 3
e 262 261 3
e 261 260 3
e 110 259 3
e 177 259 3
e 390 259 3
e 259 258 3
e 258 257 3
e 257 256 3
e 256 255 3
e 354 254 3
e 387 253 3
e 253 252 3
e 25 251 3
e 209 251 3
e 210 251 3
e 252 251 3
e 286 250 3
e 251 250 3
e 348 249 3
e 286 248 3
e 357 247 3
e 248 247 3
e 356 246 3
e 382 245 3
e 309 244 3
e 390 243 3
e 243 242 3
e 242 241 3
e 390 240 3
e 240 239 3
e 239 238 3
e 377 237 3
e 237 236 3
e 340 235 3
e 235 234 3
e 234 233 3
e 233 232 3
e 266 231 3
e 390 230 3
e 390 229 3
e 230 229 3
e 229 228 3
e 225 227 3
e 283 227 3
e 229 226 3
e 226 225 3
e 227 224 3
e 224 223 3
e 223 222 3
e 222 221 3
e 221 220 3
e 220 219 3
e 219 218 3
e 348 217 3
e 390 216 3
e 216 215 3
e 215 214 3
e 384 213 3
e 392 212 3
e 361 211 3
e 382 210 3
e 382 209 3
e 251 208 3
e 208 207 3
e 385 206 3
e 388 205 3
e 205 204 3
e 204 203 3
e 203 202 3
e 202 201 3
e 201 200 3
e 200 199 3
e 315 198 3
e 198 197 3
e 197 196 3
e 340 195 3
e 195 194 3
e 390 193 3
e 193 192 3
e 192 191 3
e 287 190 3
e 188 189 3
e 390 189 3
e 125 188 3
e 174 188 3
e 189 188 3
e 189 187 3
e 188 187 3
e 348 186 3
e 187 186 3
e 186 185 3
e 69 184 3
e 153 184 3
e 185 184 3
e 184 183 3
e 390 182 3
e 182 181 3
e 181 180 3
e 373 179 3
e 371 178 3
e 353 177 3
e 347 176 3
e 376 176 3
e 170 175 3
e 361 175 3
e 348 174 3
e 188 173 3
e 173 172 3
e 172 171 3
e 171 170 3
e 175 169 3
e 169 168 3
e 168 167 3
e 127 166 3
e 373 166 3
e 166 165 3
e 165 164 3
e 378 163 3
e 163 162 3
e 176 161 3
e 161 160 3
e 354 159 3
e 159 158 3
e 158 157 3
e 157 156 3
e 156 155 3
e 155 154 3
e 372 153 3
e 390 152 3
e 152 151 3
e 247 150 3
e 150 149 3
e 149 148 3
e 348 147 3
e 311 146 3
e 309 145 3
e 145 144 3
e 315 143 3
e 143 142 3
e 348 141 3
e 141 140 3
e 382 139 3
e 309 138 3
e 138 137 3
e 137 136 3
e 311 135 3
e 131 134 3
e 378 134 3
e 388 133 3
e 133 132 3
e 132 131 3
e 134 130 3
e 130 129 3
e 129 128 3
e 128 127 3
e 166 126 3
e 126 125 3
e 379 124 3
e 124 123 3
e 123 122 3
e 122 121 3
e 121 120 3
e 120 119 3
e 119 118 3
e 86 117 3
e 293 117 3
e 117 116 3
e 116 115 3
e 115 114 3
e 114 113 3
e 92 112 3
e 367 112 3
e 113 112 3
e 112 111 3
e 111 110 3
e 359 109 3
e 109 108 3
e 379 107 3
e 376 106 3
e 106 105 3
e 369 104 3
e 104 103 3
e 375 102 3
e 102 101 3
e 315 100 3
e 390 99 3
e 99 98 3
e 98 97 3
e 112 96 3
e 96 95 3
e 95 94 3
e 94 93 3
e 347 92 3
e 112 91 3
e 91 90 3
e 90 89 3
e 89 88 3
e 88 87 3
e 87 86 3
e 348 85 3
e 376 84 3
e 84 83 3
e 83 82 3
e 82 81 3
e 81 80 3
e 80 79 3
e 79 78 3
e 78 77 3
e 363 76 3
e 77 76 3
e 376 75 3
e 75 74 3
e 74 73 3
e 73 72 3
e 388 71 3
e 71 70 3
e 70 69 3
e 334 68 3
e 68 67 3
e 67 66 3
e 66 65 3
e 386 64 3
e 64 63 3
e 63 62 3
e 313 61 3
e 311 60 3
e 308 59 3
e 59 58 3
e 58 57 3
e 35 56 3
e 48 56 3
e 57 56 3
e 56 55 3
e 303 54 3
e 329 53 3
e 53 52 3
e 52 51 3
e 339 50 3
e 37 49 3
e 45 49 3
e 50 49 3
e 49 48 3
e 56 47 3
e 47 46 3
e 46 45 3
e 49 44 3
e 44 43 3
e 43 42 3
e 42 41 3
e 41 40 3
e 302 39 3
e 39 38 3
e 38 37 3
e 49 36 3
e 36 35 3
e 56 34 3
e 34 33 3
e 33 32 3
e 32 31 3
e 31 30 3
e 30 29 3
e 29 28 3
e 368 27 3
e 27 26 3
e 26 25 3
e 251 24 3
e 281 23 3
e 23 22 3
e 22 21 3
e 21 20 3
e 20 19 3
e 19 18 3
e 18 17 3
e 17 16 3
e 356 15 3
e 15 14 3
e 14 13 3
e 13 12 3
e 374 11 3
e 281 10 3
e 10 9 3
e 9 8 3
e 8 7 3
e 349 6 3
e 381 5 3
e 349 4 3
e 4 3 3
e 3 2 3
e 307 1 3
t # 3
v 0 9
v 1 911
v 2 910
v 3 909
v 4 908
v 5 907
v 6 906
v 7 905
v 8 904
v 9 903
v 10 902
v 11 901
v 12 900
v 13 899
v 14 898
v 15 897
v 16 896
v 17 895
v 18 894
v 19 893
v 20 892
v 21 891
v 22 890
v 23 889
v 24 888
v 25 887
v 26 886
v 27 885
v 28 884
v 29 883
v 30 882
v 31 881
v 32 880
v 33 879
v 34 878
v 35 877
v 36 876
v 37 875
v 38 874
v 39 873
v 40 872
v 41 871
v 42 870
v 43 869
v 44 868
v 45 867
v 46 866
v 47 865
v 48 864
v 49 863
v 50 862
v 51 861
v 52 860
v 53 859
v 54 858
v 55 857
v 56 856
v 57 855
v 58 854
v 59 853
v 60 852
v 61 851
v 62 850
v 63 849
v 64 848
v 65 847
v 66 846
v 67 845
v 68 844
v 69 843
v 70 842
v 71 841
v 72 840
v 73 839
v 74 838
v 75 837
v 76 836
v 77 835
v 78 834
v 79 833
v 80 832
v 81 831
v 82 830
v 83 829
v 84 828
v 85 827
v 86 826
v 87 825
v 88 824
v 89 823
v 90 822
v 91 821
v 92 820
v 93 819
v 94 818
v 95 817
v 96 816
v 97 815
v 98 814
v 99 813
v 100 812
v 101 811
v 102 810
v 103 809
v 104 808
v 105 807
v 106 806
v 107 805
v 108 804
v 109 803
v 110 802
v 111 801
v 112 800
v 113 799
v 114 798
v 115 797
v 116 796
v 117 795
v 118 794
v 119 793
v 120 792
v 121 791
v 122 790
v 123 789
v 124 788
v 125 787
v 126 786
v 127 785
v 128 784
v 129 783
v 130 782
v 131 781
v 132 780
v 133 779
v 134 778
v 135 777
v 136 776
v 137 775
v 138 774
v 139 773
v 140 772
v 141 771
v 142 770
v 143 769
v 144 768
v 145 767
v 146 766
v 147 765
v 148 764
v 149 763
v 150 762
v 151 761
v 152 760
v 153 759
v 154 758
v 155 757
v 156 756
v 157 755
v 158 754
v 159 753
v 160 752
v 161 751
v 162 750
v 163 749
v 164 748
v 165 747
v 166 746
v 167 745
v 168 744
v 169 743
v 170 742
v 171 741
v 172 740
v 173 739
v 174 738
v 175 737
v 176 736
v 177 735
v 178 734
v 179 733
v 180 732
v 181 731
v 182 730
v 183 729
v 184 728
v 185 727
v 186 726
v 187 725
v 188 724
v 189 723
v 190 722
v 191 721
v 192 720
v 193 698
v 194 657
v 195 636
v 196 614
v 197 613
v 198 590
v 199 527
v 200 523
v 201 517
v 202 505
v 203 468
v 204 448
v 205 440
v 206 433
v 207 432
v 208 421
v 209 408
v 210 407
v 211 402
v 212 398
v 213 376
v 214 358
v 215 356
v 216 348
v 217 338
v 218 332
v 219 322
v 220 320
v 221 294
v 222 291
v 223 288
v 224 285
v 225 225
v 226 224
v 227 221
v 228 214
v 229 208
v 230 199
v 231 196
v 232 189
v 233 188
v 234 180
v 235 174
v 236 156
v 237 146
v 238 137
v 239 118
v 240 115
v 241 103
v 242 102
v 243 96
v 244 92
v 245 90
v 246 88
v 247 80
v 248 68
v 249 66
v 250 63
v 251 58
v 252 57
v 253 54
v 254 53
v 255 48
v 256 24
v 257 17
v 258 16
v 259 15
v 260 6
v 261 1279
v 262 1278
v 263 1277
v 264 1276
v 265 1275
v 266 1274
v 267 1273
v 268 1272
v 269 1271
v 270 1270
v 271 1269
v 272 1268
v 273 1267
v 274 1266
v 275 1265
v 276 1264
v 277 1263
v 278 1262
v 279 1261
v 280 1260
v 281 1259
v 282 1258
v 283 1257
v 284 1256
v 285 1255
v 286 1254
v 287 1253
v 288 1252
v 289 1251
v 290 1250
v 291 1249
v 292 1248
v 293 1247
v 294 1246
v 295 1245
v 296 1244
v 297 1243
v 298 1242
v 299 1241
v 300 1240
v 301 1239
v 302 1238
v 303 1237
v 304 1236
v 305 1235
v 306 1234
v 307 1233
v 308 1232
v 309 1231
v 310 1230
v 311 1229
v 312 1228
v 313 1227
v 314 1226
v 315 1225
v 316 1224
v 317 1223
v 318 1222
v 319 1221
v 320 1220
v 321 1219
v 322 1218
v 323 1217
v 324 1216
v 325 1215
v 326 1214
v 327 1213
v 328 1212
v 329 1211
v 330 1210
v 331 1209
v 332 1208
v 333 1207
v 334 1206
v 335 1205
v 336 1204
v 337 1203
v 338 1202
v 339 1201
v 340 1200
v 341 1199
v 342 1198
v 343 1197
v 344 1196
v 345 1195
v 346 1194
v 347 1193
v 348 1192
v 349 1191
v 350 1190
v 351 1189
v 352 1188
v 353 1187
v 354 1186
v 355 1185
v 356 1184
v 357 1183
v 358 1182
v 359 1181
v 360 1180
v 361 1179
v 362 1178
v 363 1177
v 364 1176
v 365 1175
v 366 1174
v 367 1173
v 368 1172
v 369 1171
v 370 1170
v 371 1169
v 372 1168
v 373 1167
v 374 1166
v 375 1165
v 376 1164
v 377 1163
v 378 1162
v 379 1161
v 380 1160
v 381 1159
v 382 1158
v 383 1157
v 384 1156
v 385 1155
v 386 1154
v 387 1153
v 388 1152
v 389 1151
v 390 1150
v 391 1149
v 392 1148
v 393 1147
v 394 1146
v 395 1145
v 396 1144
v 397 1143
v 398 1142
v 399 1141
v 400 1140
v 401 1139
v 402 1138
v 403 1137
v 404 1136
v 405 1135
v 406 1134
v 407 1133
v 408 1132
v 409 1131
v 410 1130
v 411 1129
v 412 1128
v 413 1127
v 414 1126
v 415 1125
v 416 1124
v 417 1123
v 418 1122
v 419 1121
v 420 1120
v 421 1119
v 422 1118
v 423 1117
v 424 1116
v 425 1115
v 426 1114
v 427 1113
v 428 1112
v 429 1111
v 430 1110
v 431 1109
v 432 1108
v 433 1107
v 434 1106
v 435 1105
v 436 1104
v 437 1103
v 438 1102
v 439 1101
v 440 1100
v 441 1099
v 442 1098
v 443 1097
v 444 1096
v 445 1095
v 446 1094
v 447 1093
v 448 1092
v 449 1091
v 450 1090
v 451 1089
v 452 1088
v 453 1087
v 454 1086
v 455 1085
v 456 1084
v 457 1083
v 458 1082
v 459 1081
v 460 1080
v 461 1079
v 462 1078
v 463 1077
v 464 1076
v 465 1075
v 466 1074
v 467 1073
v 468 1072
v 469 1071
v 470 1070
v 471 1069
v 472 1068
v 473 1067
v 474 1066
v 475 1065
v 476 1064
v 477 1063
v 478 1062
v 479 1061
v 480 1060
v 481 1059
v 482 1058
v 483 1057
v 484 1056
v 485 1055
v 486 1054
v 487 1053
v 488 1052
v 489 1051
v 490 1050
v 491 1049
v 492 1048
v 493 1047
v 494 1046
v 495 1045
v 496 1044
v 497 1043
v 498 1042
v 499 1041
v 500 1040
v 501 1039
v 502 1038
v 503 1037
v 504 1036
v 505 1035
v 506 1034
v 507 1033
v 508 1032
v 509 1031
v 510 1030
v 511 1029
v 512 1028
v 513 1027
v 514 1026
v 515 1025
v 516 1024
v 517 1023
v 518 1022
v 519 1021
v 520 1020
v 521 1019
v 522 1018
v 523 1017
v 524 1016
v 525 1015
v 526 1014
v 527 1013
v 528 1012
v 529 1011
v 530 1010
v 531 1009
v 532 1008
v 533 1007
v 534 1006
v 535 1005
v 536 1004
v 537 1003
v 538 1002
v 539 1001
v 540 1000
v 541 999
v 542 998
v 543 997
v 544 996
v 545 995
v 546 994
v 547 993
v 548 992
v 549 991
v 550 990
v 551 989
v 552 988
v 553 987
v 554 986
v 555 985
v 556 984
v 557 983
v 558 982
v 559 981
v 560 980
v 561 979
v 562 978
v 563 977
v 564 976
v 565 975
v 566 974
v 567 973
v 568 972
v 569 971
v 570 970
v 571 969
v 572 968
v 573 967
v 574 966
v 575 965
v 576 964
v 577 963
v 578 962
v 579 961
v 580 960
v 581 959
v 582 958
v 583 957
v 584 956
v 585 955
v 586 954
v 587 953
v 588 952
v 589 951
v 590 950
v 591 949
v 592 948
v 593 947
v 594 946
v 595 945
v 596 944
v 597 943
v 598 942
v 599 941
v 600 940
v 601 939
v 602 938
v 603 937
v 604 936
v 605 935
v 606 934
v 607 933
v 608 932
v 609 931
v 610 930
v 611 929
v 612 928
v 613 927
v 614 926
v 615 925
v 616 924
v 617 923
v 618 922
v 619 921
v 620 920
v 621 919
v 622 918
v 623 917
v 624 916
v 625 915
v 626 914
v 627 913
v 628 912
v 629 6
v 630 2
v 631 3
e 0 1 1
e 0 2 1
e 0 3 1
e 0 4 1
e 0 5 1
e 0 6 1
e 0 7 1
e 0 8 1
e 0 9 1
e 0 10 1
e 0 11 1
e 0 12 1
e 0 13 1
e 0 14 1
e 0 15 1
e 0 16 1
e 0 17 1
e 0 18 1
e 0 19 1
e 0 20 1
e 0 21 1
e 0 22 1
e 0 23 1
e 0 24 1
e 0 25 1
e 0 26 1
e 0 27 1
e 0 28 1
e 0 29 1
e 0 30 1
e 0 31 1
e 0 32 1
e 0 33 1
e 0 34 1
e 0 35 1
e 0 36 1
e 0 37 1
e 0 38 1
e 0 39 1
e 0 40 1
e 0 41 1
e 0 42 1
e 0 43 1
e 0 44 1
e 0 45 1
e 0 46 1
e 0 47 1
e 0 48 1
e 0 49 1
e 0 50 1
e 0 51 1
e 0 52 1
e 0 53 1
e 0 54 1
e 0 55 1
e 0 56 1
e 0 57 1
e 0 58 1
e 0 59 1
e 0 60 1
e 0 61 1
e 0 62 1
e 0 63 1
e 0 64 1
e 0 65 1
e 0 66 1
e 0 67 1
e 0 68 1
e 0 69 1
e 0 70 1
e 0 71 1
e 0 72 1
e 0 73 1
e 0 74 1
e 0 75 1
e 0 76 1
e 0 77 1
e 0 78 1
e 0 79 1
e 0 80 1
e 0 81 1
e 0 82 1
e 0 83 1
e 0 84 1
e 0 85 1
e 0 86 1
e 0 87 1
e 0 88 1
e 0 89 1
e 0 90 1
e 0 91 1
e 0 92 1
e 0 93 1
e 0 94 1
e 0 95 1
e 0 96 1
e 0 97 1
e 0 98 1
e 0 99 1
e 0 100 1
e 0 101 1
e 0 102 1
e 0 103 1
e 0 104 1
e 0 105 1
e 0 106 1
e 0 107 1
e 0 108 1
e 0 109 1
e 0 110 1
e 0 111 1
e 0 112 1
e 0 113 1
e 0 114 1
e 0 115 1
e 0 116 1
e 0 117 1
e 0 118 1
e 0 119 1
e 0 120 1
e 0 121 1
e 0 122 1
e 0 123 1
e 0 124 1
e 0 125 1
e 0 126 1
e 0 127 1
e 0 128 1
e 0 129 1
e 0 130 1
e 0 131 1
e 0 132 1
e 0 133 1
e 0 134 1
e 0 135 1
e 0 136 1
e 0 137 1
e 0 138 1
e 0 139 1
e 0 140 1
e 0 141 1
e 0 142 1
e 0 143 1
e 0 144 1
e 0 145 1
e 0 146 1
e 0 147 1
e 0 148 1
e 0 149 1
e 0 150 1
e 0 151 1
e 0 152 1
e 0 153 1
e 0 154 1
e 0 155 1
e 0 156 1
e 0 157 1
e 0 158 1
e 0 159 1
e 0 160 1
e 0 161 1
e 0 162 1
e 0 163 1
e 0 164 1
e 0 165 1
e 0 166 1
e 0 167 1
e 0 168 1
e 0 169 1
e 0 170 1
e 0 171 1
e 0 172 1
e 0 173 1
e 0 174 1
e 0 175 1
e 0 176 1
e 0 177 1
e 0 178 1
e 0 179 1
e 0 180 1
e 0 181 1
e 0 182 1
e 0 183 1
e 0 184 1
e 0 185 1
e 0 186 1
e 0 187 1
e 0 188 1
e 0 189 1
e 0 190 1
e 0 191 1
e 0 192 1
e 0 193 1
e 0 194 1
e 0 195 1
e 0 196 1
e 0 197 1
e 0 198 1
e 0 199 1
e 0 200 1
e 0 201 1
e 0 202 1
e 0 203 1
e 0 204 1
e 0 205 1
e 0 206 1
e 0 207 1
e 0 208 1
e 0 209 1
e 0 210 1
e 0 211 1
e 0 212 1
e 0 213 1
e 0 214 1
e 0 215 1
e 0 216 1
e 0 217 1
e 0 218 1
e 0 219 1
e 0 220 1
e 0 221 1
e 0 222 1
e 0 223 1
e 0 224 1
e 0 225 1
e 0 226 1
e 0 227 1
e 0 228 1
e 0 229 1
e 0 230 1
e 0 231 1
e 0 232 1
e 0 233 1
e 0 234 1
e 0 235 1
e 0 236 1
e 0 237 1
e 0 238 1
e 0 239 1
e 0 240 1
e 0 241 1
e 0 242 1
e 0 243 1
e 0 244 1
e 0 245 1
e 0 246 1
e 0 247 1
e 0 248 1
e 0 249 1
e 0 250 1
e 0 251 1
e 0 252 1
e 0 253 1
e 0 254 1
e 0 255 1
e 0 256 1
e 0 257 1
e 0 258 1
e 0 259 1
e 0 629 1
e 0 261 1
e 0 262 1
e 0 263 1
e 0 264 1
e 0 265 1
e 0 266 1
e 0 267 1
e 0 268 1
e 0 269 1
e 0 270 1
e 0 271 1
e 0 272 1
e 0 273 1
e 0 274 1
e 0 275 1
e 0 276 1
e 0 277 1
e 0 278 1
e 0 279 1
e 0 280 1
e 0 281 1
e 0 282 1
e 0 283 1
e 0 284 1
e 0 285 1
e 0 286 1
e 0 287 1
e 0 288 1
e 0 289 1
e 0 290 1
e 0 291 1
e 0 292 1
e 0 293 1
e 0 294 1
e 0 295 1
e 0 296 1
e 0 297 1
e 0 298 1
e 0 299 1
e 0 300 1
e 0 301 1
e 0 302 1
e 0 303 1
e 0 304 1
e 0 305 1
e 0 306 1
e 0 307 1
e 0 308 1
e 0 309 1
e 0 310 1
e 0 311 1
e 0 312 1
e 0 313 1
e 0 314 1
e 0 315 1
e 0 316 1
e 0 317 1
e 0 318 1
e 0 319 1
e 0 320 1
e 0 321 1
e 0 322 1
e 0 323 1
e 0 324 1
e 0 325 1
e 0 326 1
e 0 327 1
e 0 328 1
e 0 329 1
e 0 330 1
e 0 331 1
e 0 332 1
e 0 333 1
e 0 334 1
e 0 335 1
e 0 336 1
e 0 337 1
e 0 338 1
e 0 339 1
e 0 340 1
e 0 341 1
e 0 342 1
e 0 343 1
e 0 344 1
e 0 345 1
e 0 346 1
e 0 347 1
e 0 348 1
e 0 349 1
e 0 350 1
e 0 351 1
e 0 352 1
e 0 353 1
e 0 354 1
e 0 355 1
e 0 356 1
e 0 357 1
e 0 358 1
e 0 359 1
e 0 360 1
e 0 361 1
e 0 362 1
e 0 363 1
e 0 364 1
e 0 365 1
e 0 366 1
e 0 367 1
e 0 368 1
e 0 369 1
e 0 370 1
e 0 371 1
e 0 372 1
e 0 373 1
e 0 374 1
e 0 375 1
e 0 376 1
e 0 377 1
e 0 378 1
e 0 379 1
e 0 380 1
e 0 381 1
e 0 382 1
e 0 383 1
e 0 384 1
e 0 385 1
e 0 386 1
e 0 387 1
e 0 388 1
e 0 389 1
e 0 390 1
e 0 391 1
e 0 392 1
e 0 393 1
e 0 394 1
e 0 395 1
e 0 396 1
e 0 397 1
e 0 398 1
e 0 399 1
e 0 400 1
e 0 401 1
e 0 402 1
e 0 403 1
e 0 404 1
e 0 405 1
e 0 406 1
e 0 407 1
e 0 408 1
e 0 409 1
e 0 410 1
e 0 411 1
e 0 412 1
e 0 413 1
e 0 414 1
e 0 415 1
e 0 416 1
e 0 417 1
e 0 418 1
e 0 419 1
e 0 420 1
e 0 421 1
e 0 422 1
e 0 423 1
e 0 424 1
e 0 425 1
e 0 426 1
e 0 427 1
e 0 428 1
e 0 429 1
e 0 430 1
e 0 431 1
e 0 432 1
e 0 433 1
e 0 434 1
e 0 435 1
e 0 436 1
e 0 437 1
e 0 438 1
e 0 439 1
e 0 440 1
e 0 441 1
e 0 442 1
e 0 443 1
e 0 444 1
e 0 445 1
e 0 446 1
e 0 447 1
e 0 448 1
e 0 449 1
e 0 450 1
e 0 451 1
e 0 452 1
e 0 453 1
e 0 454 1
e 0 455 1
e 0 456 1
e 0 457 1
e 0 458 1
e 0 459 1
e 0 460 1
e 0 461 1
e 0 462 1
e 0 463 1
e 0 464 1
e 0 465 1
e 0 466 1
e 0 467 1
e 0 468 1
e 0 469 1
e 0 470 1
e 0 471 1
e 0 472 1
e 0 473 1
e 0 474 1
e 0 475 1
e 0 476 1
e 0 477 1
e 0 478 1
e 0 479 1
e 0 480 1
e 0 481 1
e 0 482 1
e 0 483 1
e 0 484 1
e 0 485 1
e 0 486 1
e 0 487 1
e 0 488 1
e 0 489 1
e 0 490 1
e 0 491 1
e 0 492 1
e 0 493 1
e 0 494 1
e 0 495 1
e 0 496 1
e 0 497 1
e 0 498 1
e 0 499 1
e 0 500 1
e 0 501 1
e 0 502 1
e 0 503 1
e 0 504 1
e 0 505 1
e 0 506 1
e 0 507 1
e 0 508 1
e 0 509 1
e 0 510 1
e 0 511 1
e 0 512 1
e 0 513 1
e 0 514 1
e 0 515 1
e 0 516 1
e 0 517 1
e 0 518 1
e 0 519 1
e 0 520 1
e 0 521 1
e 0 522 1
e 0 523 1
e 0 524 1
e 0 525 1
e 0 526 1
e 0 527 1
e 0 528 1
e 0 529 1
e 0 530 1
e 0 531 1
e 0 532 1
e 0 533 1
e 0 534 1
e 0 535 1
e 0 536 1
e 0 537 1
e 0 538 1
e 0 539 1
e 0 540 1
e 0 541 1
e 0 542 1
e 0 543 1
e 0 544 1
e 0 545 1
e 0 546 1
e 0 547 1
e 0 548 1
e 0 549 1
e 0 550 1
e 0 551 1
e 0 552 1
e 0 553 1
e 0 554 1
e 0 555 1
e 0 556 1
e 0 557 1
e 0 558 1
e 0 559 1
e 0 560 1
e 0 561 1
e 0 562 1
e 0 563 1
e 0 564 1
e 0 565 1
e 0 566 1
e 0 567 1
e 0 568 1
e 0 569 1
e 0 570 1
e 0 571 1
e 0 572 1
e 0 573 1
e 0 574 1
e 0 575 1
e 0 576 1
e 0 577 1
e 0 578 1
e 0 579 1
e 0 580 1
e 0 581 1
e 0 582 1
e 0 583 1
e 0 584 1
e 0 585 1
e 0 586 1
e 0 587 1
e 0 588 1
e 0 589 1
e 0 590 1
e 0 591 1
e 0 592 1
e 0 593 1
e 0 594 1
e 0 595 1
e 0 596 1
e 0 597 1
e 0 598 1
e 0 599 1
e 0 600 1
e 0 601 1
e 0 602 1
e 0 603 1
e 0 604 1
e 0 605 1
e 0 606 1
e 0 607 1
e 0 608 1
e 0 609 1
e 0 610 1
e 0 611 1
e 0 612 1
e 0 613 1
e 0 614 1
e 0 615 1
e 0 616 1
e 0 617 1
e 0 618 1
e 0 619 1
e 0 620 1
e 0 621 1
e 0 622 1
e 0 623 1
e 0 624 1
e 0 625 1
e 0 626 1
e 0 627 1
e 0 628 1
e 1 630 2
e 2 630 2
e 3 630 2
e 4 631 2
e 5 630 2
e 6 630 2
e 7 631 2
e 8 630 2
e 9 631 2
e 10 631 2
e 10 630 2
e 11 631 2
e 11 630 2
e 12 630 2
e 13 631 2
e 14 630 2
e 15 631 2
e 15 630 2
e 16 631 2
e 17 630 2
e 18 631 2
e 19 631 2
e 20 630 2
e 21 631 2
e 22 630 2
e 23 631 2
e 24 630 2
e 25 631 2
e 26 631 2
e 26 630 2
e 27 631 2
e 28 631 2
e 29 630 2
e 30 631 2
e 31 631 2
e 32 631 2
e 33 631 2
e 34 631 2
e 35 631 2
e 36 631 2
e 37 630 2
e 38 631 2
e 39 631 2
e 40 630 2
e 41 631 2
e 42 631 2
e 43 630 2
e 44 631 2
e 45 631 2
e 46 631 2
e 46 630 2
e 47 630 2
e 48 630 2
e 49 631 2
e 49 630 2
e 50 631 2
e 50 630 2
e 51 630 2
e 52 631 2
e 53 630 2
e 54 630 2
e 55 630 2
e 56 631 2
e 57 630 2
e 58 630 2
e 59 631 2
e 59 630 2
e 60 631 2
e 60 630 2
e 61 631 2
e 61 630 2
e 62 630 2
e 63 630 2
e 64 630 2
e 65 630 2
e 66 631 2
e 67 631 2
e 67 630 2
e 68 631 2
e 69 630 2
e 70 630 2
e 71 631 2
e 72 631 2
e 73 631 2
e 74 631 2
e 75 630 2
e 76 630 2
e 77 631 2
e 78 631 2
e 79 630 2
e 80 631 2
e 80 630 2
e 81 631 2
e 82 631 2
e 82 630 2
e 83 631 2
e 83 630 2
e 84 630 2
e 85 630 2
e 86 630 2
e 87 630 2
e 88 630 2
e 89 631 2
e 90 631 2
e 90 630 2
e 91 631 2
e 92 630 2
e 93 630 2
e 94 630 2
e 95 631 2
e 95 630 2
e 96 631 2
e 96 630 2
e 97 630 2
e 98 631 2
e 98 630 2
e 99 630 2
e 100 631 2
e 100 630 2
e 101 631 2
e 102 631 2
e 103 631 2
e 104 630 2
e 105 631 2
e 105 630 2
e 106 631 2
e 107 631 2
e 108 631 2
e 109 630 2
e 110 631 2
e 111 630 2
e 112 631 2
e 113 630 2
e 114 630 2
e 115 631 2
e 115 630 2
e 116 631 2
e 117 631 2
e 118 630 2
e 119 631 2
e 120 630 2
e 121 631 2
e 122 630 2
e 123 631 2
e 124 631 2
e 125 631 2
e 126 631 2
e 126 630 2
e 127 631 2
e 128 631 2
e 128 630 2
e 129 631 2
e 129 630 2
e 130 630 2
e 131 630 2
e 132 631 2
e 133 631 2
e 134 630 2
e 135 630 2
e 136 631 2
e 137 631 2
e 138 631 2
e 139 631 2
e 139 630 2
e 140 631 2
e 140 630 2
e 141 631 2
e 141 630 2
e 142 631 2
e 143 631 2
e 143 630 2
e 144 630 2
e 145 631 2
e 145 630 2
e 146 630 2
e 147 631 2
e 148 631 2
e 148 630 2
e 149 630 2
e 150 631 2
e 150 630 2
e 151 631 2
e 151 630 2
e 152 630 2
e 153 630 2
e 154 631 2
e 154 630 2
e 155 630 2
e 156 631 2
e 156 630 2
e 157 630 2
e 158 630 2
e 159 630 2
e 160 631 2
e 161 630 2
e 162 631 2
e 162 630 2
e 163 630 2
e 164 631 2
e 165 630 2
e 166 630 2
e 167 631 2
e 167 630 2
e 168 630 2
e 169 630 2
e 170 630 2
e 171 631 2
e 172 631 2
e 172 630 2
e 173 631 2
e 173 630 2
e 174 631 2
e 174 630 2
e 175 631 2
e 176 631 2
e 177 631 2
e 177 630 2
e 178 631 2
e 179 631 2
e 180 631 2
e 181 631 2
e 182 631 2
e 182 630 2
e 183 630 2
e 184 631 2
e 185 631 2
e 185 630 2
e 186 630 2
e 187 630 2
e 188 631 2
e 188 630 2
e 189 631 2
e 190 631 2
e 190 630 2
e 191 630 2
e 192 631 2
e 192 630 2
e 193 631 2
e 193 630 2
e 194 630 2
e 195 630 2
e 196 631 2
e 196 630 2
e 197 631 2
e 197 630 2
e 198 631 2
e 198 630 2
e 199 630 2
e 200 631 2
e 200 630 2
e 201 631 2
e 201 630 2
e 202 631 2
e 202 630 2
e 203 631 2
e 203 630 2
e 204 630 2
e 205 631 2
e 205 630 2
e 206 631 2
e 206 630 2
e 207 631 2
e 207 630 2
e 208 631 2
e 208 630 2
e 209 631 2
e 209 630 2
e 210 631 2
e 210 630 2
e 211 631 2
e 211 630 2
e 212 631 2
e 213 631 2
e 213 630 2
e 214 631 2
e 214 630 2
e 215 631 2
e 215 630 2
e 216 631 2
e 217 631 2
e 217 630 2
e 218 631 2
e 218 630 2
e 219 631 2
e 220 631 2
e 220 630 2
e 221 631 2
e 221 630 2
e 222 630 2
e 223 630 2
e 224 631 2
e 225 631 2
e 225 630 2
e 226 631 2
e 226 630 2
e 227 630 2
e 228 631 2
e 229 631 2
e 229 630 2
e 230 631 2
e 230 630 2
e 231 631 2
e 231 630 2
e 232 631 2
e 232 630 2
e 233 631 2
e 233 630 2
e 234 631 2
e 234 630 2
e 235 631 2
e 235 630 2
e 236 631 2
e 236 630 2
e 237 631 2
e 237 630 2
e 238 631 2
e 238 630 2
e 239 631 2
e 239 630 2
e 240 631 2
e 240 630 2
e 241 631 2
e 241 630 2
e 242 631 2
e 242 630 2
e 243 631 2
e 243 630 2
e 244 631 2
e 244 630 2
e 245 631 2
e 245 630 2
e 246 631 2
e 246 630 2
e 247 631 2
e 247 630 2
e 248 631 2
e 248 630 2
e 249 631 2
e 249 630 2
e 250 631 2
e 250 630 2
e 251 631 2
e 251 630 2
e 252 631 2
e 252 630 2
e 253 631 2
e 253 630 2
e 254 630 2
e 255 631 2
e 255 630 2
e 256 631 2
e 256 630 2
e 257 631 2
e 257 630 2
e 258 631 2
e 258 630 2
e 259 631 2
e 259 630 2
e 629 631 2
e 629 630 2
e 261 630 2
e 262 630 2
e 263 631 2
e 264 630 2
e 265 631 2
e 266 630 2
e 267 630 2
e 268 631 2
e 269 630 2
e 270 630 2
e 270 631 2
e 271 631 2
e 272 630 2
e 273 631 2
e 274 631 2
e 275 630 2
e 276 631 2
e 277 631 2
e 278 630 2
e 279 631 2
e 280 630 2
e 281 631 2
e 282 631 2
e 283 630 2
e 284 630 2
e 285 630 2
e 286 631 2
e 287 631 2
e 288 631 2
e 289 631 2
e 290 630 2
e 291 630 2
e 292 630 2
e 293 631 2
e 294 630 2
e 294 631 2
e 295 630 2
e 295 631 2
e 296 631 2
e 297 630 2
e 298 631 2
e 299 630 2
e 300 630 2
e 301 630 2
e 302 630 2
e 303 630 2
e 304 631 2
e 305 631 2
e 306 630 2
e 307 631 2
e 308 631 2
e 309 630 2
e 310 630 2
e 311 630 2
e 311 631 2
e 312 630 2
e 313 630 2
e 314 630 2
e 315 630 2
e 316 631 2
e 317 631 2
e 318 630 2
e 319 631 2
e 320 631 2
e 321 631 2
e 322 630 2
e 323 630 2
e 323 631 2
e 324 630 2
e 324 631 2
e 325 630 2
e 326 630 2
e 327 630 2
e 328 630 2
e 329 630 2
e 330 630 2
e 331 630 2
e 332 631 2
e 333 630 2
e 334 630 2
e 335 631 2
e 336 630 2
e 337 630 2
e 338 631 2
e 339 631 2
e 340 631 2
e 341 631 2
e 342 630 2
e 343 630 2
e 344 630 2
e 345 630 2
e 346 630 2
e 347 631 2
e 348 631 2
e 349 631 2
e 350 631 2
e 351 631 2
e 352 630 2
e 353 630 2
e 354 630 2
e 355 630 2
e 355 631 2
e 356 630 2
e 356 631 2
e 357 631 2
e 358 630 2
e 358 631 2
e 359 630 2
e 360 631 2
e 361 631 2
e 362 631 2
e 363 631 2
e 364 630 2
e 365 631 2
e 366 630 2
e 367 631 2
e 368 630 2
e 368 631 2
e 369 631 2
e 370 630 2
e 371 630 2
e 371 631 2
e 372 630 2
e 372 631 2
e 373 631 2
e 374 631 2
e 375 631 2
e 376 630 2
e 377 631 2
e 378 630 2
e 379 631 2
e 380 630 2
e 381 631 2
e 382 631 2
e 383 630 2
e 384 630 2
e 385 630 2
e 386 631 2
e 387 631 2
e 388 631 2
e 389 631 2
e 390 631 2
e 391 630 2
e 392 631 2
e 392 630 2
e 393 631 2
e 394 630 2
e 395 630 2
e 396 630 2
e 397 630 2
e 398 631 2
e 398 630 2
e 399 631 2
e 400 631 2
e 400 630 2
e 401 630 2
e 402 631 2
e 403 630 2
e 404 630 2
e 405 630 2
e 406 630 2
e 407 630 2
e 408 631 2
e 409 630 2
e 410 630 2
e 411 631 2
e 412 630 2
e 413 630 2
e 414 631 2
e 415 630 2
e 416 630 2
e 417 631 2
e 417 630 2
e 418 630 2
e 419 631 2
e 420 630 2
e 421 630 2
e 422 630 2
e 423 631 2
e 424 630 2
e 425 631 2
e 426 630 2
e 427 631 2
e 428 630 2
e 429 631 2
e 429 630 2
e 430 631 2
e 431 631 2
e 432 630 2
e 433 631 2
e 434 630 2
e 435 630 2
e 436 631 2
e 436 630 2
e 437 630 2
e 438 630 2
e 439 631 2
e 440 630 2
e 441 631 2
e 442 631 2
e 443 630 2
e 444 631 2
e 445 631 2
e 446 631 2
e 447 631 2
e 447 630 2
e 448 631 2
e 448 630 2
e 449 631 2
e 450 630 2
e 451 630 2
e 452 631 2
e 453 630 2
e 454 630 2
e 455 631 2
e 455 630 2
e 456 630 2
e 457 631 2
e 458 630 2
e 459 631 2
e 460 630 2
e 461 631 2
e 462 630 2
e 463 631 2
e 464 630 2
e 465 630 2
e 466 631 2
e 467 631 2
e 468 631 2
e 469 630 2
e 470 630 2
e 471 630 2
e 472 631 2
e 472 630 2
e 473 630 2
e 474 631 2
e 475 630 2
e 476 631 2
e 477 631 2
e 477 630 2
e 478 630 2
e 479 631 2
e 480 631 2
e 481 630 2
e 482 631 2
e 483 630 2
e 484 631 2
e 485 631 2
e 486 630 2
e 487 630 2
e 488 630 2
e 489 630 2
e 490 630 2
e 491 630 2
e 492 630 2
e 493 630 2
e 494 630 2
e 495 630 2
e 496 630 2
e 497 630 2
e 498 631 2
e 499 630 2
e 500 630 2
e 501 630 2
e 502 631 2
e 503 630 2
e 504 631 2
e 505 631 2
e 506 631 2
e 506 630 2
e 507 630 2
e 508 631 2
e 508 630 2
e 509 631 2
e 510 631 2
e 511 631 2
e 512 631 2
e 512 630 2
e 513 631 2
e 513 630 2
e 514 630 2
e 515 630 2
e 516 631 2
e 517 630 2
e 518 630 2
e 519 630 2
e 520 630 2
e 521 630 2
e 522 630 2
e 523 630 2
e 524 630 2
e 525 631 2
e 526 630 2
e 527 630 2
e 528 630 2
e 529 630 2
e 530 631 2
e 531 631 2
e 532 630 2
e 533 630 2
e 534 630 2
e 535 631 2
e 536 631 2
e 537 631 2
e 538 630 2
e 539 631 2
e 540 630 2
e 541 631 2
e 542 630 2
e 543 630 2
e 544 630 2
e 545 631 2
e 546 630 2
e 547 630 2
e 548 630 2
e 549 631 2
e 550 631 2
e 551 631 2
e 552 631 2
e 553 630 2
e 554 631 2
e 555 631 2
e 556 630 2
e 557 631 2
e 558 630 2
e 559 631 2
e 559 630 2
e 560 631 2
e 561 630 2
e 562 631 2
e 563 631 2
e 563 630 2
e 564 631 2
e 564 630 2
e 565 630 2
e 566 630 2
e 567 630 2
e 568 630 2
e 569 630 2
e 570 630 2
e 571 631 2
e 571 630 2
e 572 630 2
e 573 631 2
e 573 630 2
e 574 631 2
e 574 630 2
e 575 631 2
e 576 631 2
e 576 630 2
e 577 630 2
e 578 631 2
e 579 630 2
e 580 631 2
e 580 630 2
e 581 631 2
e 581 630 2
e 582 631 2
e 583 631 2
e 584 631 2
e 585 631 2
e 586 631 2
e 586 630 2
e 587 630 2
e 588 630 2
e 589 630 2
e 590 631 2
e 590 630 2
e 591 630 2
e 592 631 2
e 592 630 2
e 593 631 2
e 594 631 2
e 594 630 2
e 595 631 2
e 596 631 2
e 597 631 2
e 598 630 2
e 599 631 2
e 600 630 2
e 601 631 2
e 602 631 2
e 603 631 2
e 604 630 2
e 605 631 2
e 605 630 2
e 606 630 2
e 607 631 2
e 608 631 2
e 609 630 2
e 610 630 2
e 611 631 2
e 612 631 2
e 613 631 2
e 614 630 2
e 615 631 2
e 616 631 2
e 617 630 2
e 618 630 2
e 619 631 2
e 620 631 2
e 621 630 2
e 622 630 2
e 623 631 2
e 623 630 2
e 624 630 2
e 625 630 2
e 626 631 2
e 626 630 2
e 627 630 2
e 628 630 2
e 149 629 3
e 212 629 3
e 236 259 3
e 235 259 3
e 374 258 3
e 1 258 3
e 251 258 3
e 113 258 3
e 187 258 3
e 389 257 3
e 302 257 3
e 559 257 3
e 144 257 3
e 258 257 3
e 321 256 3
e 295 255 3
e 305 255 3
e 379 255 3
e 242 255 3
e 432 255 3
e 445 255 3
e 467 255 3
e 549 255 3
e 43 255 3
e 227 255 3
e 85 255 3
e 146 255 3
e 134 254 3
e 189 253 3
e 109 252 3
e 252 251 3
e 215 250 3
e 240 249 3
e 567 249 3
e 98 248 3
e 490 247 3
e 10 246 3
e 215 246 3
e 232 246 3
e 510 245 3
e 570 245 3
e 590 244 3
e 120 243 3
e 188 243 3
e 402 242 3
e 13 242 3
e 247 241 3
e 388 241 3
e 477 241 3
e 258 241 3
e 535 240 3
e 520 239 3
e 255 238 3
e 421 237 3
e 442 236 3
e 504 236 3
e 226 235 3
e 131 235 3
e 192 235 3
e 363 234 3
e 620 234 3
e 133 233 3
e 233 232 3
e 629 231 3
e 267 230 3
e 60 229 3
e 623 228 3
e 48 227 3
e 4 226 3
e 49 225 3
e 580 225 3
e 45 224 3
e 215 223 3
e 215 222 3
e 399 221 3
e 268 220 3
e 411 220 3
e 564 220 3
e 602 220 3
e 463 219 3
e 457 218 3
e 555 218 3
e 71 218 3
e 60 217 3
e 460 216 3
e 192 215 3
e 265 215 3
e 283 215 3
e 354 215 3
e 533 215 3
e 405 215 3
e 414 215 3
e 447 215 3
e 494 215 3
e 508 215 3
e 574 215 3
e 609 215 3
e 619 215 3
e 60 215 3
e 7 215 3
e 11 215 3
e 96 215 3
e 22 215 3
e 26 215 3
e 45 215 3
e 67 215 3
e 218 215 3
e 79 215 3
e 82 215 3
e 105 215 3
e 111 215 3
e 122 215 3
e 126 215 3
e 128 215 3
e 589 214 3
e 519 213 3
e 182 212 3
e 310 211 3
e 250 211 3
e 103 211 3
e 282 210 3
e 358 209 3
e 406 209 3
e 490 209 3
e 215 209 3
e 178 209 3
e 96 208 3
e 484 207 3
e 243 206 3
e 52 205 3
e 51 204 3
e 55 203 3
e 276 202 3
e 135 202 3
e 557 201 3
e 140 200 3
e 250 199 3
e 533 532 3
e 215 531 3
e 228 530 3
e 225 529 3
e 215 528 3
e 95 527 3
e 527 526 3
e 526 525 3
e 525 524 3
e 524 523 3
e 523 522 3
e 522 521 3
e 521 520 3
e 239 519 3
e 213 518 3
e 518 517 3
e 517 516 3
e 82 515 3
e 141 514 3
e 514 513 3
e 513 512 3
e 512 511 3
e 511 510 3
e 140 509 3
e 139 508 3
e 134 508 3
e 215 507 3
e 502 506 3
e 507 506 3
e 506 505 3
e 505 504 3
e 236 503 3
e 503 502 3
e 506 501 3
e 501 500 3
e 500 499 3
e 499 498 3
e 498 497 3
e 497 496 3
e 215 495 3
e 496 495 3
e 172 494 3
e 199 493 3
e 571 492 3
e 492 491 3
e 215 490 3
e 209 489 3
e 489 488 3
e 488 487 3
e 318 486 3
e 223 486 3
e 215 485 3
e 485 484 3
e 156 483 3
e 154 482 3
e 482 481 3
e 481 480 3
e 60 479 3
e 215 478 3
e 422 477 3
e 478 477 3
e 477 476 3
e 542 475 3
e 475 474 3
e 474 473 3
e 215 472 3
e 472 471 3
e 471 470 3
e 470 469 3
e 469 468 3
e 468 467 3
e 255 466 3
e 466 465 3
e 465 464 3
e 464 463 3
e 629 462 3
e 462 461 3
e 300 460 3
e 461 460 3
e 298 459 3
e 216 459 3
e 459 458 3
e 458 457 3
e 215 456 3
e 456 455 3
e 353 454 3
e 455 454 3
e 454 453 3
e 453 452 3
e 452 451 3
e 451 450 3
e 450 449 3
e 319 448 3
e 449 448 3
e 355 447 3
e 448 447 3
e 215 446 3
e 446 445 3
e 255 444 3
e 444 443 3
e 443 442 3
e 259 441 3
e 441 440 3
e 440 439 3
e 439 438 3
e 438 437 3
e 431 436 3
e 433 436 3
e 437 436 3
e 436 435 3
e 435 434 3
e 434 433 3
e 436 432 3
e 255 431 3
e 436 430 3
e 215 429 3
e 430 429 3
e 429 428 3
e 428 427 3
e 427 426 3
e 426 425 3
e 425 424 3
e 10 423 3
e 423 422 3
e 241 421 3
e 237 420 3
e 420 419 3
e 419 418 3
e 372 417 3
e 246 417 3
e 417 416 3
e 416 415 3
e 415 414 3
e 472 413 3
e 413 412 3
e 412 411 3
e 220 410 3
e 410 409 3
e 409 408 3
e 408 407 3
e 407 406 3
e 174 405 3
e 215 404 3
e 404 403 3
e 403 402 3
e 255 401 3
e 382 400 3
e 14 400 3
e 594 399 3
e 221 398 3
e 65 397 3
e 65 396 3
e 396 395 3
e 395 394 3
e 394 393 3
e 347 392 3
e 393 392 3
e 392 391 3
e 215 390 3
e 293 389 3
e 390 389 3
e 389 388 3
e 215 387 3
e 387 386 3
e 386 385 3
e 297 384 3
e 385 384 3
e 122 383 3
e 51 382 3
e 11 381 3
e 215 380 3
e 380 379 3
e 255 378 3
e 378 377 3
e 377 376 3
e 215 375 3
e 376 375 3
e 375 374 3
e 257 373 3
e 148 372 3
e 375 372 3
e 417 371 3
e 371 370 3
e 366 369 3
e 370 369 3
e 100 368 3
e 60 367 3
e 371 366 3
e 368 365 3
e 365 364 3
e 215 363 3
e 234 362 3
e 206 361 3
e 361 360 3
e 360 359 3
e 215 358 3
e 209 357 3
e 294 356 3
e 357 356 3
e 313 355 3
e 356 355 3
e 355 354 3
e 456 353 3
e 454 352 3
e 542 351 3
e 351 350 3
e 626 349 3
e 349 348 3
e 348 347 3
e 332 346 3
e 392 346 3
e 182 345 3
e 345 344 3
e 344 343 3
e 343 342 3
e 342 341 3
e 341 340 3
e 49 339 3
e 339 338 3
e 338 337 3
e 337 336 3
e 495 335 3
e 335 334 3
e 312 333 3
e 334 333 3
e 215 332 3
e 192 331 3
e 331 330 3
e 330 329 3
e 329 328 3
e 328 327 3
e 327 326 3
e 560 325 3
e 325 324 3
e 324 323 3
e 323 322 3
e 322 321 3
e 257 320 3
e 320 319 3
e 429 318 3
e 60 317 3
e 202 316 3
e 618 315 3
e 315 314 3
e 314 313 3
e 542 312 3
e 60 311 3
e 215 310 3
e 211 309 3
e 309 308 3
e 308 307 3
e 307 306 3
e 306 305 3
e 559 304 3
e 304 303 3
e 303 302 3
e 143 301 3
e 301 300 3
e 460 299 3
e 299 298 3
e 459 297 3
e 115 296 3
e 209 295 3
e 296 295 3
e 255 294 3
e 215 293 3
e 447 292 3
e 67 292 3
e 215 291 3
e 291 290 3
e 562 289 3
e 289 288 3
e 288 287 3
e 287 286 3
e 286 285 3
e 285 284 3
e 284 283 3
e 605 282 3
e 215 281 3
e 281 280 3
e 262 279 3
e 280 279 3
e 279 278 3
e 215 277 3
e 277 276 3
e 202 275 3
e 275 274 3
e 274 273 3
e 586 272 3
e 272 271 3
e 271 270 3
e 270 269 3
e 166 268 3
e 562 267 3
e 230 266 3
e 266 265 3
e 225 264 3
e 215 263 3
e 263 262 3
e 67 261 3
e 538 198 3
e 205 197 3
e 241 196 3
e 606 196 3
e 548 195 3
e 2 194 3
e 73 193 3
e 224 192 3
e 346 192 3
e 235 191 3
e 191 190 3
e 235 189 3
e 190 189 3
e 253 188 3
e 243 187 3
e 258 186 3
e 628 185 3
e 186 185 3
e 185 184 3
e 215 183 3
e 184 183 3
e 246 182 3
e 579 182 3
e 183 182 3
e 182 181 3
e 181 180 3
e 180 179 3
e 174 178 3
e 179 178 3
e 78 177 3
e 200 177 3
e 209 177 3
e 177 176 3
e 127 175 3
e 176 175 3
e 80 174 3
e 175 174 3
e 215 173 3
e 178 173 3
e 359 172 3
e 495 172 3
e 123 172 3
e 173 172 3
e 75 171 3
e 172 171 3
e 173 170 3
e 171 170 3
e 170 169 3
e 169 168 3
e 168 167 3
e 564 166 3
e 167 166 3
e 166 165 3
e 165 164 3
e 215 163 3
e 164 163 3
e 163 162 3
e 162 161 3
e 161 160 3
e 160 159 3
e 159 158 3
e 158 157 3
e 214 156 3
e 157 156 3
e 156 155 3
e 483 154 3
e 155 154 3
e 154 153 3
e 153 152 3
e 215 151 3
e 152 151 3
e 151 150 3
e 150 149 3
e 215 148 3
e 149 148 3
e 148 147 3
e 147 146 3
e 215 145 3
e 255 145 3
e 145 144 3
e 257 143 3
e 143 142 3
e 316 141 3
e 202 141 3
e 215 141 3
e 81 141 3
e 142 141 3
e 141 140 3
e 140 139 3
e 139 138 3
e 511 137 3
e 138 137 3
e 137 136 3
e 245 135 3
e 136 135 3
e 509 134 3
e 202 134 3
e 254 133 3
e 246 132 3
e 132 131 3
e 188 130 3
e 130 129 3
e 278 128 3
e 292 128 3
e 311 128 3
e 317 128 3
e 346 128 3
e 208 128 3
e 364 128 3
e 367 128 3
e 381 128 3
e 391 128 3
e 424 128 3
e 219 128 3
e 479 128 3
e 217 128 3
e 515 128 3
e 532 128 3
e 5 128 3
e 229 128 3
e 37 128 3
e 59 128 3
e 129 128 3
e 177 127 3
e 38 126 3
e 77 126 3
e 117 126 3
e 118 126 3
e 174 126 3
e 169 125 3
e 125 124 3
e 124 123 3
e 384 122 3
e 596 122 3
e 172 122 3
e 215 121 3
e 362 120 3
e 121 120 3
e 120 119 3
e 119 118 3
e 231 117 3
e 215 116 3
e 358 115 3
e 116 115 3
e 115 114 3
e 114 113 3
e 258 112 3
e 112 111 3
e 215 110 3
e 110 109 3
e 241 108 3
e 108 107 3
e 107 106 3
e 544 105 3
e 546 105 3
e 106 105 3
e 215 104 3
e 104 103 3
e 211 102 3
e 102 101 3
e 369 100 3
e 101 100 3
e 100 99 3
e 90 98 3
e 99 98 3
e 248 97 3
e 448 96 3
e 61 96 3
e 540 96 3
e 18 96 3
e 97 96 3
e 528 95 3
e 96 95 3
e 95 94 3
e 94 93 3
e 93 92 3
e 92 91 3
e 91 90 3
e 454 89 3
e 248 89 3
e 89 88 3
e 88 87 3
e 87 86 3
e 86 85 3
e 255 84 3
e 516 83 3
e 84 83 3
e 83 82 3
e 215 81 3
e 177 80 3
e 80 79 3
e 215 78 3
e 127 77 3
e 215 76 3
e 76 75 3
e 171 74 3
e 74 73 3
e 193 72 3
e 72 71 3
e 215 70 3
e 70 69 3
e 611 68 3
e 69 68 3
e 279 67 3
e 143 67 3
e 241 67 3
e 398 67 3
e 582 67 3
e 587 67 3
e 197 67 3
e 68 67 3
e 215 66 3
e 397 65 3
e 66 65 3
e 65 64 3
e 64 63 3
e 63 62 3
e 333 61 3
e 62 61 3
e 340 60 3
e 368 60 3
e 480 60 3
e 540 60 3
e 185 60 3
e 6 60 3
e 15 60 3
e 61 60 3
e 60 59 3
e 215 58 3
e 58 57 3
e 57 56 3
e 56 55 3
e 203 54 3
e 54 53 3
e 53 52 3
e 215 51 3
e 573 50 3
e 51 50 3
e 50 49 3
e 49 48 3
e 238 47 3
e 491 46 3
e 47 46 3
e 264 45 3
e 529 45 3
e 46 45 3
e 222 44 3
e 44 43 3
e 255 42 3
e 42 41 3
e 41 40 3
e 40 39 3
e 39 38 3
e 126 37 3
e 145 36 3
e 36 35 3
e 35 34 3
e 34 33 3
e 33 32 3
e 32 31 3
e 31 30 3
e 30 29 3
e 29 28 3
e 28 27 3
e 292 26 3
e 383 26 3
e 581 26 3
e 27 26 3
e 623 25 3
e 145 25 3
e 25 24 3
e 24 23 3
e 23 22 3
e 215 21 3
e 21 20 3
e 20 19 3
e 19 18 3
e 215 17 3
e 17 16 3
e 486 15 3
e 16 15 3
e 401 14 3
e 204 14 3
e 14 13 3
e 242 12 3
e 210 11 3
e 400 11 3
e 473 11 3
e 487 11 3
e 530 11 3
e 568 11 3
e 604 11 3
e 12 11 3
e 418 10 3
e 89 10 3
e 215 10 3
e 10 9 3
e 9 8 3
e 8 7 3
e 161 6 3
e 60 5 3
e 215 4 3
e 259 3 3
e 3 2 3
e 194 1 3
e 258 628 3
e 211 627 3
e 627 626 3
e 626 625 3
e 625 624 3
e 531 623 3
e 624 623 3
e 25 622 3
e 622 621 3
e 621 620 3
e 234 619 3
e 215 618 3
e 618 617 3
e 617 616 3
e 616 615 3
e 615 614 3
e 614 613 3
e 613 612 3
e 612 611 3
e 68 610 3
e 610 609 3
e 215 608 3
e 608 607 3
e 607 606 3
e 196 605 3
e 605 604 3
e 215 603 3
e 603 602 3
e 220 601 3
e 601 600 3
e 600 599 3
e 599 598 3
e 598 597 3
e 597 596 3
e 215 595 3
e 586 594 3
e 595 594 3
e 594 593 3
e 545 592 3
e 585 592 3
e 593 592 3
e 592 591 3
e 591 590 3
e 207 589 3
e 244 589 3
e 214 588 3
e 588 587 3
e 273 586 3
e 215 586 3
e 586 585 3
e 244 584 3
e 584 583 3
e 583 582 3
e 67 581 3
e 50 580 3
e 246 580 3
e 580 579 3
e 182 578 3
e 578 577 3
e 577 576 3
e 576 575 3
e 46 574 3
e 575 574 3
e 215 573 3
e 50 572 3
e 493 571 3
e 572 571 3
e 571 570 3
e 245 569 3
e 336 568 3
e 569 568 3
e 215 567 3
e 249 566 3
e 566 565 3
e 269 564 3
e 565 564 3
e 290 563 3
e 220 563 3
e 563 562 3
e 562 561 3
e 326 560 3
e 561 560 3
e 255 559 3
e 256 559 3
e 560 559 3
e 559 558 3
e 558 557 3
e 201 556 3
e 556 555 3
e 215 554 3
e 554 553 3
e 553 552 3
e 552 551 3
e 551 550 3
e 550 549 3
e 255 548 3
e 195 547 3
e 547 546 3
e 586 545 3
e 590 544 3
e 215 543 3
e 215 542 3
e 352 542 3
e 476 542 3
e 543 542 3
e 542 541 3
e 350 540 3
e 541 540 3
e 215 539 3
e 539 538 3
e 198 537 3
e 537 536 3
e 536 535 3
e 249 534 3
e 373 533 3
e 534 533 3
t # 4
v 0 9
v 1 506
v 2 499
v 3 462
v 4 454
v 5 453
v 6 959
v 7 1407
v 8 1406
v 9 1405
v 10 1404
v 11 1403
v 12 1402
v 13 1401
v 14 1400
v 15 1399
v 16 1398
v 17 1397
v 18 1396
v 19 1395
v 20 1394
v 21 1393
v 22 1392
v 23 1391
v 24 1390
v 25 1389
v 26 1388
v 27 1387
v 28 1386
v 29 1385
v 30 1384
v 31 1383
v 32 1382
v 33 1381
v 34 1380
v 35 1379
v 36 1378
v 37 1377
v 38 1376
v 39 1375
v 40 1374
v 41 1373
v 42 1372
v 43 1371
v 44 1370
v 45 1369
v 46 1368
v 47 1367
v 48 1366
v 49 1365
v 50 1364
v 51 1363
v 52 1362
v 53 1361
v 54 1360
v 55 1359
v 56 1358
v 57 1357
v 58 1356
v 59 1355
v 60 1354
v 61 1353
v 62 1352
v 63 1351
v 64 1350
v 65 1349
v 66 1348
v 67 1347
v 68 1346
v 69 1345
v 70 1344
v 71 1343
v 72 1342
v 73 1341
v 74 1340
v 75 1339
v 76 1338
v 77 1337
v 78 1336
v 79 1335
v 80 1334
v 81 1333
v 82 1332
v 83 1331
v 84 1330
v 85 1329
v 86 1328
v 87 1327
v 88 1326
v 89 1325
v 90 1324
v 91 1323
v 92 1322
v 93 1321
v 94 1320
v 95 1319
v 96 1318
v 97 1317
v 98 1316
v 99 1315
v 100 1314
v 101 1313
v 102 1312
v 103 1311
v 104 1310
v 105 1309
v 106 1308
v 107 1307
v 108 1306
v 109 1305
v 110 1304
v 111 1303
v 112 1302
v 113 1301
v 114 1300
v 115 1299
v 116 1298
v 117 1297
v 118 1296
v 119 1295
v 120 1294
v 121 1293
v 122 1292
v 123 1291
v 124 1290
v 125 1289
v 126 1288
v 127 1287
v 128 1286
v 129 1285
v 130 1284
v 131 1283
v 132 1282
v 133 1281
v 134 1270
v 135 740
v 136 216
v 137 199
v 138 711
v 139 188
v 140 698
v 141 694
v 142 180
v 143 678
v 144 147
v 145 657
v 146 124
v 147 96
v 148 92
v 149 90
v 150 82
v 151 77
v 152 68
v 153 66
v 154 51
v 155 48
v 156 554
v 157 28
v 158 24
v 159 15
v 160 519
v 161 3
v 162 2
e 0 1 1
e 0 2 1
e 0 3 1
e 0 4 1
e 0 5 1
e 0 6 1
e 0 7 1
e 0 8 1
e 0 9 1
e 0 10 1
e 0 11 1
e 0 12 1
e 0 13 1
e 0 14 1
e 0 15 1
e 0 16 1
e 0 17 1
e 0 18 1
e 0 19 1
e 0 20 1
e 0 21 1
e 0 22 1
e 0 23 1
e 0 24 1
e 0 25 1
e 0 26 1
e 0 27 1
e 0 28 1
e 0 29 1
e 0 30 1
e 0 31 1
e 0 32 1
e 0 33 1
e 0 34 1
e 0 35 1
e 0 36 1
e 0 37 1
e 0 38 1
e 0 39 1
e 0 40 1
e 0 41 1
e 0 42 1
e 0 43 1
e 0 44 1
e 0 45 1
e 0 46 1
e 0 47 1
e 0 48 1
e 0 49 1
e 0 50 1
e 0 51 1
e 0 52 1
e 0 53 1
e 0 54 1
e 0 55 1
e 0 56 1
e 0 57 1
e 0 58 1
e 0 59 1
e 0 60 1
e 0 61 1
e 0 62 1
e 0 63 1
e 0 64 1
e 0 65 1
e 0 66 1
e 0 67 1
e 0 68 1
e 0 69 1
e 0 70 1
e 0 71 1
e 0 72 1
e 0 73 1
e 0 74 1
e 0 75 1
e 0 76 1
e 0 77 1
e 0 78 1
e 0 79 1
e 0 80 1
e 0 81 1
e 0 82 1
e 0 83 1
e 0 84 1
e 0 85 1
e 0 86 1
e 0 87 1
e 0 88 1
e 0 89 1
e 0 90 1
e 0 91 1
e 0 92 1
e 0 93 1
e 0 94 1
e 0 95 1
e 0 96 1
e 0 97 1
e 0 98 1
e 0 99 1
e 0 100 1
e 0 101 1
e 0 102 1
e 0 103 1
e 0 104 1
e 0 105 1
e 0 106 1
e 0 107 1
e 0 108 1
e 0 109 1
e 0 110 1
e 0 111 1
e 0 112 1
e 0 113 1
e 0 114 1
e 0 115 1
e 0 116 1
e 0 117 1
e 0 118 1
e 0 119 1
e 0 120 1
e 0 121 1
e 0 122 1
e 0 123 1
e 0 124 1
e 0 125 1
e 0 126 1
e 0 127 1
e 0 128 1
e 0 129 1
e 0 130 1
e 0 131 1
e 0 132 1
e 0 133 1
e 0 134 1
e 0 135 1
e 0 136 1
e 0 137 1
e 0 138 1
e 0 139 1
e 0 140 1
e 0 141 1
e 0 142 1
e 0 143 1
e 0 144 1
e 0 145 1
e 0 146 1
e 0 147 1
e 0 148 1
e 0 149 1
e 0 150 1
e 0 151 1
e 0 152 1
e 0 153 1
e 0 154 1
e 0 155 1
e 0 156 1
e 0 157 1
e 0 158 1
e 0 159 1
e 0 160 1
e 1 161 2
e 1 162 2
e 2 162 2
e 3 161 2
e 3 162 2
e 4 161 2
e 4 162 2
e 5 161 2
e 5 162 2
e 6 161 2
e 6 162 2
e 7 161 2
e 8 161 2
e 9 162 2
e 10 162 2
e 11 161 2
e 12 161 2
e 13 162 2
e 14 162 2
e 15 161 2
e 16 162 2
e 17 161 2
e 18 161 2
e 19 161 2
e 20 162 2
e 21 162 2
e 22 161 2
e 23 162 2
e 24 161 2
e 25 162 2
e 26 161 2
e 27 161 2
e 28 162 2
e 29 162 2
e 30 162 2
e 30 161 2
e 31 162 2
e 32 162 2
e 33 161 2
e 34 161 2
e 35 162 2
e 36 162 2
e 37 161 2
e 38 162 2
e 39 162 2
e 39 161 2
e 40 162 2
e 41 162 2
e 42 162 2
e 43 162 2
e 44 162 2
e 44 161 2
e 45 161 2
e 46 162 2
e 47 162 2
e 48 162 2
e 49 161 2
e 50 162 2
e 51 162 2
e 52 161 2
e 53 161 2
e 54 161 2
e 55 161 2
e 56 162 2
e 57 162 2
e 58 162 2
e 59 161 2
e 60 161 2
e 61 162 2
e 62 162 2
e 63 162 2
e 64 161 2
e 65 162 2
e 66 162 2
e 67 162 2
e 67 161 2
e 68 162 2
e 69 162 2
e 70 162 2
e 70 161 2
e 71 162 2
e 72 162 2
e 73 162 2
e 74 162 2
e 75 162 2
e 76 161 2
e 77 162 2
e 78 162 2
e 79 162 2
e 80 161 2
e 81 161 2
e 82 162 2
e 83 162 2
e 84 162 2
e 85 162 2
e 86 161 2
e 87 162 2
e 87 161 2
e 88 162 2
e 89 162 2
e 90 161 2
e 91 161 2
e 92 162 2
e 93 161 2
e 94 162 2
e 95 161 2
e 96 161 2
e 97 162 2
e 98 162 2
e 99 162 2
e 99 161 2
e 100 161 2
e 101 162 2
e 102 162 2
e 103 162 2
e 104 162 2
e 104 161 2
e 105 162 2
e 106 161 2
e 107 162 2
e 108 161 2
e 109 162 2
e 109 161 2
e 110 162 2
e 111 161 2
e 112 162 2
e 113 161 2
e 114 162 2
e 114 161 2
e 115 161 2
e 116 161 2
e 117 161 2
e 118 162 2
e 118 161 2
e 119 161 2
e 120 161 2
e 121 162 2
e 121 161 2
e 122 161 2
e 123 162 2
e 123 161 2
e 124 162 2
e 125 162 2
e 126 162 2
e 126 161 2
e 127 162 2
e 128 162 2
e 129 161 2
e 130 161 2
e 131 161 2
e 132 162 2
e 132 161 2
e 133 162 2
e 134 162 2
e 134 161 2
e 135 161 2
e 135 162 2
e 136 161 2
e 136 162 2
e 137 161 2
e 137 162 2
e 138 161 2
e 138 162 2
e 139 161 2
e 139 162 2
e 140 161 2
e 140 162 2
e 141 161 2
e 141 162 2
e 142 161 2
e 142 162 2
e 143 161 2
e 143 162 2
e 144 161 2
e 144 162 2
e 145 162 2
e 146 161 2
e 146 162 2
e 147 161 2
e 147 162 2
e 148 161 2
e 148 162 2
e 149 161 2
e 149 162 2
e 150 161 2
e 150 162 2
e 151 161 2
e 151 162 2
e 152 161 2
e 152 162 2
e 153 161 2
e 153 162 2
e 154 161 2
e 154 162 2
e 155 161 2
e 155 162 2
e 156 161 2
e 156 162 2
e 157 161 2
e 157 162 2
e 158 161 2
e 158 162 2
e 159 161 2
e 159 162 2
e 160 161 2
e 160 162 2
e 130 159 3
e 10 158 3
e 94 157 3
e 67 155 3
e 74 155 3
e 87 155 3
e 102 155 3
e 122 155 3
e 132 155 3
e 21 155 3
e 28 155 3
e 27 154 3
e 22 153 3
e 23 153 3
e 147 153 3
e 155 153 3
e 117 152 3
e 39 152 3
e 1 151 3
e 153 151 3
e 108 150 3
e 142 149 3
e 2 148 3
e 24 147 3
e 89 146 3
e 73 144 3
e 42 142 3
e 18 139 3
e 154 137 3
e 54 136 3
e 55 136 3
e 16 136 3
e 159 5 3
e 12 4 3
e 155 3 3
e 119 3 3
e 46 2 3
e 85 1 3
e 155 1 3
e 58 160 3
e 136 134 3
e 82 132 3
e 133 132 3
e 155 131 3
e 131 130 3
e 5 129 3
e 129 128 3
e 128 127 3
e 76 126 3
e 127 126 3
e 126 125 3
e 125 124 3
e 124 123 3
e 29 123 3
e 123 122 3
e 155 121 3
e 121 120 3
e 120 119 3
e 81 118 3
e 3 118 3
e 40 118 3
e 118 117 3
e 152 116 3
e 135 115 3
e 134 114 3
e 115 114 3
e 114 113 3
e 113 112 3
e 112 111 3
e 111 110 3
e 110 109 3
e 109 108 3
e 150 107 3
e 107 106 3
e 106 105 3
e 105 104 3
e 104 103 3
e 103 102 3
e 152 101 3
e 101 100 3
e 62 99 3
e 70 99 3
e 100 99 3
e 99 98 3
e 98 97 3
e 97 96 3
e 96 95 3
e 95 94 3
e 157 93 3
e 93 92 3
e 92 91 3
e 91 90 3
e 90 89 3
e 146 88 3
e 88 87 3
e 155 86 3
e 86 85 3
e 1 84 3
e 141 83 3
e 143 82 3
e 132 81 3
e 118 80 3
e 80 79 3
e 135 78 3
e 78 77 3
e 77 76 3
e 125 75 3
e 75 74 3
e 155 73 3
e 144 72 3
e 138 71 3
e 71 70 3
e 14 70 3
e 156 69 3
e 63 68 3
e 69 68 3
e 68 67 3
e 155 66 3
e 49 65 3
e 140 65 3
e 65 64 3
e 64 63 3
e 145 62 3
e 99 61 3
e 61 60 3
e 60 59 3
e 59 58 3
e 160 57 3
e 57 56 3
e 56 55 3
e 114 54 3
e 136 53 3
e 53 52 3
e 52 51 3
e 51 50 3
e 50 49 3
e 65 48 3
e 48 47 3
e 47 46 3
e 148 45 3
e 45 44 3
e 17 44 3
e 44 43 3
e 43 42 3
e 149 41 3
e 41 40 3
e 118 39 3
e 152 38 3
e 38 37 3
e 140 36 3
e 36 35 3
e 35 34 3
e 6 33 3
e 33 32 3
e 32 31 3
e 31 30 3
e 30 29 3
e 123 28 3
e 151 27 3
e 137 26 3
e 26 25 3
e 25 24 3
e 153 23 3
e 153 22 3
e 153 21 3
e 151 20 3
e 20 19 3
e 19 18 3
e 139 17 3
e 44 16 3
e 136 15 3
e 156 14 3
e 70 13 3
e 13 12 3
e 4 11 3
e 141 10 3
e 158 9 3
e 9 8 3
e 8 7 3
e 99 156 3
e 15 156 3
e 67 145 3
e 83 143 3
e 84 141 3
e 11 141 3
e 66 140 3
e 37 140 3
e 72 138 3
e 79 135 3
e 116 135 3
e 34 6 3
t # -1
